1376 9164 12675 10999 6424 6267 
7329 11038 9255 8994 7722 6136 
3842 14945 9651 5837 10972 2382 
6203 7712 14403 9378 8010 6427 
9445 4543 7503 11141 10890 652 
6790 13049 16598 13339 9425 6284 
7848 15016 9531 16757 7504 473 
7689 11189 10538 7697 9580 6282 
3404 7700 9231 6126 8130 6270 
685 11295 10959 6260 10695 4396 
6073 5982 10944 7527 6460 6004 
9107 13060 11090 9547 7839 6403 
1497 13316 12543 11307 9259 2225 
89 7709 12985 16616 4375 4267 
4730 14768 9522 14466 11453 2671 
3355 11598 11547 9858 9451 4582 
6109 2645 18030 11022 7709 4544 
1855 4121 12685 9100 6303 6568 
