9986 14789 19444 5815 9078 4543 
9371 11059 9507 773 9462 4124 
3044 6006 7635 3770 7997 4673 
9765 9450 12242 5800 7707 6438 
1255 11047 12252 5379 6243 6246 
7304 11153 7502 11115 9568 6279 
9996 11287 19587 7695 4240 6272 
1968 16518 11236 3926 9883 6149 
9128 6030 5905 338 4681 6559 
727 4411 12700 7228 8296 6428 
4921 16660 10949 7662 9002 6102 
3259 7447 10659 9138 6294 6413 
1852 6006 9373 159 9713 2655 
8285 11179 14128 7398 4157 4447 
7870 11201 9362 5644 6122 6568 
7071 12917 9230 7265 4253 6547 
