4 11624 11091 3930 9593 6281 
7942 14763 16273 9835 3927 2647 
6282 4553 10959 5813 7697 6115 
9492 13360 12531 13169 6270 2537 
8727 16782 14402 7856 7385 2516 
669 8151 9085 11008 6247 2393 
4643 7556 12529 9259 4421 6428 
5541 6005 12963 9583 7806 6415 
2221 9856 16420 4253 11151 6271 
5814 5849 14558 7662 5847 6415 
569 8009 16129 6103 7697 6284 
3935 14922 11257 13301 7686 4265 
7996 14610 9701 7867 10697 352 
6205 7721 12831 7387 9436 6403 
7234 11611 9218 9463 7409 2393 
8138 9740 12964 11297 5995 4268 
2635 7673 18016 12715 7302 4578 
4558 9593 12699 11154 9583 2406 
2394 13168 12831 11119 10724 654 
475 4710 5632 9019 7697 6126 
6239 4134 14414 16459 6281 4568 
103 4421 7201 9260 2355 2501 
3819 7998 11091 12908 6103 4133 
4469 2538 14414 11143 6125 6438 
3197 13445 11116 7686 9003 6150 
