1186 4277 16420 3929 7828 6270 
1603 14922 9521 7815 9458 6270 
9796 18086 14428 9571 3915 2670 
1637 6113 7778 11166 7878 6437 
7391 12879 13120 9592 8991 6009 
3497 7719 16430 9701 7840 4700 
4683 11464 12867 9592 10843 955 
6594 9437 14705 5980 9315 4675 
654 14791 7504 7588 12845 2527 
5359 11571 9086 5969 7671 6583 
8675 2368 14404 9702 5816 4435 
9396 6138 12976 14911 9531 6130 
3925 654 12698 14875 4123 4255 
8255 7997 13024 8142 10855 4434 
8216 11021 14401 12581 8096 2813 
8226 13181 11090 14299 5959 2502 
6863 13179 13146 14814 9279 4412 
2396 9714 12975 11275 11130 6283 
6879 7552 14991 13291 9413 3247 
