4674 8238 14114 11311 7432 2667 
4419 13010 11572 13460 9113 5827 
6355 6270 12676 10709 6701 6425 
4998 9749 12829 11320 7961 2540 
6312 7710 12963 11142 8009 4852 
9 14647 14426 5960 9712 3114 
4426 9894 10960 14764 7996 6545 
9651 11597 10827 7977 12846 4276 
3357 13171 11377 16650 6090 666 
6032 8141 12963 10867 5957 2793 
7816 7695 11103 16794 5657 5824 
5443 14729 18306 9426 7828 5671 
7238 7855 11091 9403 7397 2659 
5909 11596 14570 13348 7384 785 
8758 7999 10815 16483 6402 2236 
5463 9846 9388 11144 5849 2371 
6995 11406 11139 7963 7816 2201 
8511 16650 9530 12738 7865 4665 
3676 13027 14561 11300 7291 6162 
925 6257 9519 16641 7411 2093 
3391 11403 9556 9413 7267 6128 
