800 7832 10944 7231 2847 6124 
5216 9451 12963 9725 8128 4661 
3074 8023 11101 9426 6123 6548 
963 15341 10671 14601 4098 1973 
324 5839 12972 7675 4684 6136 
8326 7699 16144 8982 9580 6414 
6465 14644 11233 13026 7554 2249 
6028 9605 12532 6125 6140 2983 
2218 11454 7538 18509 7721 2535 
7783 9453 11101 7529 7853 4529 
1356 6114 13129 11417 4706 6092 
3245 13184 14402 9403 7590 6283 
1679 9738 16273 4075 6004 2696 
5240 6269 14729 9833 9437 2657 
1428 13364 9086 7567 6005 2995 
3989 7711 14275 9572 9440 4265 
6102 7733 11379 4073 8165 2659 
6753 9003 14270 14732 6115 6271 
2872 11043 12409 13027 9281 810 
3930 13039 11235 5970 12739 2827 
5692 9605 12816 7398 4565 6428 
