132 7435 12675 7816 8284 6450 
1669 13063 4213 7695 6268 4275 
5258 13205 14414 7842 11164 6413 
8588 13194 14557 4660 9301 6405 
8465 6016 16276 3938 7707 4688 
8600 14777 10815 9269 14297 6558 
1435 14922 14114 10997 7866 6291 
8477 4374 16272 10962 2802 4554 
9631 9763 9085 5958 6018 6449 
7204 9579 11248 9257 7590 4556 
6313 13024 9665 7843 9125 2118 
2228 3990 9217 3905 6280 6125 
3382 9725 12964 4082 7709 4268 
9274 11599 12832 7864 9413 5863 
3647 13459 14705 9434 9438 6416 
1216 7577 12843 14731 7833 2645 
4192 9582 12817 5837 4385 2553 
7618 7733 9256 7410 9569 5981 
74 15201 12555 4372 9437 4530 
716 11600 11247 8011 6233 4109 
4430 16520 11247 12557 11140 6413 
8398 9304 14702 11429 4517 5971 
6489 16481 9389 13049 7395 2355 
1754 14900 16419 5659 10879 6416 
864 9606 14859 8392 9571 6463 
9450 4410 10802 5490 6569 4550 
5869 13195 7780 2068 10000 2646 
1902 7866 16129 5956 6124 6283 
4848 9427 11380 7420 4421 6102 
6517 9461 15998 2344 11464 6712 
7160 8035 11089 13010 8273 4564 
3582 9307 9506 5944 6135 6283 
