6241 13205 9363 9135 7577 2670 
3010 9174 7225 9257 3808 2103 
8826 11335 11378 3807 13059 6401 
7713 2681 12398 9233 6148 6568 
9556 7555 9374 7527 2981 6113 
2954 9283 7214 2355 7552 4409 
2818 16938 11092 5822 7866 4410 
4045 9473 14558 913 7671 6426 
8333 9292 15843 5692 2537 6285 
3028 5972 14113 2330 8165 6399 
8737 7722 12410 5942 8163 6424 
887 11070 14545 7804 7841 6307 
2996 7877 16000 2512 6269 6283 
3988 10901 9833 7723 11021 5996 
8956 2684 12685 2090 8021 6715 
5306 9595 14847 9387 11610 4810 
