481 11609 12541 4217 7986 4517 
8292 13205 12963 5968 9160 6150 
1032 7723 14271 9550 4361 654 
937 16686 12817 5824 7972 6247 
2826 9581 14404 7423 4096 1088 
1195 9019 10815 1923 6029 6545 
2828 7868 12566 3919 11320 6556 
7018 7460 11090 11121 6016 4567 
5390 13060 9232 11012 7575 6124 
6063 2382 11235 2355 4119 6294 
3784 9569 16286 13014 7422 2539 
50 13324 17859 5803 7741 6283 
6100 16337 7779 5959 7578 1242 
7177 11445 7504 11154 11298 2247 
88 2524 14280 7506 1230 2848 
3770 16229 11234 10983 9171 6004 
1725 11445 14714 5813 9689 6079 
