5184 7732 14546 12991 7722 6318 
7424 13050 15988 9413 11309 6139 
386 7996 12280 16529 5378 4108 
9862 690 8941 3917 4828 4254 
9542 9341 7345 5992 2825 4700 
5447 9572 13105 9402 9700 4398 
9376 12751 14439 7855 7289 5695 
6322 6114 14402 9558 7553 690 
7896 15002 13015 16913 9085 2503 
5586 15029 11023 9737 10851 2537 
5619 12749 10733 15209 7831 6123 
2231 7842 12819 9546 7724 4410 
56 8132 13107 11023 5980 4232 
3673 9843 9521 13026 7423 678 
3515 4709 9373 9715 4228 6270 
4573 18628 14297 9437 7095 666 
3166 4540 10946 15905 4120 6247 
8033 5705 12972 7960 4694 4855 
