2945 13026 9074 9128 7864 6292 
901 8009 12673 483 7997 4411 
9734 9592 9374 7412 4250 2648 
663 10996 12688 9268 4422 4711 
8082 12773 10993 9834 7998 4698 
1299 5981 15997 14610 6281 4412 
5399 7867 9096 9548 6126 4132 
1308 15056 9373 10997 12881 4075 
9247 9307 10802 5538 9458 4687 
8498 4688 8785 10851 4852 6246 
1567 9728 7504 9580 9450 6268 
1736 16325 15988 12700 7540 2550 
7627 7734 12530 9727 4407 3005 
7118 5730 16429 5934 6389 4700 
1103 13471 10947 2190 6255 6546 
2518 11358 14547 2225 9583 4687 
8284 7758 12675 5922 7852 5740 
356 8166 14270 2513 7721 3116 
617 11491 14403 4097 4578 4410 
7532 9846 18146 6365 8150 6282 
5779 13340 16131 5982 4397 6283 
4982 13315 10944 8969 8154 6414 
7929 9413 9508 5500 8009 6267 
9982 7973 14835 7230 7576 6116 
