156 1535 
325 8382 
352 7603 
404 3958 
1741 8181 
1752 4450 
1872 8995 
1912 9332 
1948 7156 
2005 5513 
2065 1549 
2067 5243 
2068 3788 
2076 1898 
2079 6389 4343 
2091 8319 
2094 7525 
2101 4584 
2104 7497 
2105 49 
2127 5026 
2210 4158 
2222 2027 
2223 3961 6621 
2224 4688 
2225 5689 
2239 7340 
2246 7473 
2247 6406 
2248 7857 
2249 3956 
2250 6654 1775 
2260 7788 
2261 7534 
2272 6820 
2275 8773 
2328 752 
2355 4598 
2368 3725 
2369 4119 
2370 8582 
2378 5693 
2379 9836 
2381 8932 1037 
2382 3535 
2383 6412 
2393 471 
2396 513 
2408 8128 2589 
2415 951 
2514 6506 9271 
2522 8499 
2536 8441 
2538 4030 
2554 6385 
2561 3450 
2671 1182 
2691 1680 
2827 3642 
3496 1673 
3529 6707 
3600 3213 
3603 2723 
3615 477 
3653 3291 
3675 5320 
3687 8570 
3688 8208 
3700 392 
3701 3160 
3703 3703 
3710 9901 
3757 2709 
3783 9428 
3795 2136 
3798 5190 
3805 1449 
3808 3551 
3818 8848 5577 
3820 3899 4285 
3830 6669 
3832 6014 
3835 8462 
3844 1875 
3845 4260 
3847 8903 
3857 558 
3926 2189 
3938 596 
3939 4096 5328 8954 
3950 8921 
3951 5496 
3952 9723 
3953 8809 
3954 7840 
3956 2056 7102 
3962 2145 5227 9300 
3963 6066 7379 8581 
3964 4217 7684 2013 
3966 2834 
3967 1017 1555 
3968 3594 7469 3847 
3975 7111 
3976 240 
3977 5251 8164 462 
3978 3026 6214 6271 
3979 1307 2805 
3980 8351 4151 
3989 7769 5031 
3990 5835 
3991 3730 
4003 3059 
4068 3441 
4069 9826 
4070 8815 
4083 487 
4084 1173 
4093 2321 9298 
4095 7159 
4096 8960 
4097 603 
4098 1273 9315 
4099 4001 
4107 4924 
4109 6299 1316 
4110 1632 
4111 8753 2292 6974 6159 
4119 2864 
4121 6864 
4122 9864 9373 879 
4123 7776 5086 
4124 3616 5605 8745 1867 9100 142 9654 
4130 2598 
4133 8237 1958 
4134 5441 1836 
4135 418 9070 
4136 9787 7706 4287 359 
4144 3265 
4145 7041 2643 
4147 8684 
4159 858 
4160 7246 
4161 8037 
4230 2859 827 
4239 450 6166 6631 
4240 6557 
4242 7399 
4244 7653 
4251 4485 
4253 2787 1727 
4254 6568 2444 8613 8302 
4255 2865 
4256 6897 
4257 5570 
4264 4203 9694 
4266 2764 
4267 1881 981 
4269 9160 
4277 369 6027 7941 7167 
4279 1939 
4280 9745 
4317 3889 
4372 575 
4396 610 
4407 9990 
4409 8438 
4411 2183 
4413 5987 
4414 9610 
4513 9195 
4546 1693 
4581 3 
4700 5416 
5208 4502 
5213 9837 
5221 8450 
5235 9437 
5298 4129 6626 
5367 99 
5368 3254 
5369 3544 1850 
5378 2069 
5381 9985 7420 
5391 9353 
5392 8348 
5402 972 9597 
5403 5875 
5405 8447 
5407 7937 6795 9950 
5409 772 
5417 4624 2377 2572 
5418 4308 3415 
5419 4799 
5428 6324 
5444 9473 
5455 4678 
5473 7178 
5484 3608 
5498 6255 
5502 6038 
5511 6734 
5513 4592 
5514 7843 
5522 6549 2279 
5524 814 
5525 7087 
5526 8788 
5533 1322 
5534 2736 6713 3503 
5535 6627 1084 
5537 5435 
5538 4084 
5539 3117 
5546 7993 942 
5547 4633 8699 
5548 8313 7859 
5549 4912 5129 1127 
5550 8473 1786 9570 2173 8485 
5551 9419 5942 
5552 5234 8563 
5561 1368 
5562 9961 9530 9215 
5563 586 3487 
5565 9971 
5573 3033 8772 
5574 6787 3973 
5575 4504 4506 
5583 196 4941 
5586 7264 6533 6814 
5587 9639 
5588 2026 
5599 4015 
5644 308 5118 
5645 2147 
5646 9172 7358 
5647 4248 
5654 4601 
5656 8437 670 
5666 2636 9006 
5667 3993 
5668 7584 1572 9045 
5669 6409 8855 
5670 4466 5782 1293 1742 
5671 6418 
5677 1423 
5678 2528 6688 9012 
5679 898 
5680 6416 6121 1275 
5681 9918 
5682 8301 
5683 8539 
5684 7396 
5689 592 6026 
5690 5836 3911 
5691 7970 4004 9941 
5692 2592 1039 
5693 9945 818 8531 2951 
5694 3401 9975 7787 8117 2703 
5695 3597 2062 4301 
5696 1768 8025 6474 9498 4293 
5697 5074 7045 
5702 2640 2946 6986 
5703 9432 4810 2459 
5704 7298 2124 2037 
5705 1245 3093 
5706 480 1605 454 7175 9607 6712 8057 6938 
5707 3192 4857 
5708 4467 
5714 2384 2751 
5715 3205 
5717 4282 3439 1543 
5718 81 4979 3477 7619 9671 
5719 5059 2247 3634 9179 4367 2386 4658 6935 8184 6735 3389 
5720 6792 1934 1511 
5721 9178 
5730 2929 8546 4326 
5731 2066 3645 1527 
5732 5537 6138 
5734 9943 
5742 6104 3985 
5743 2302 
5745 82 
5757 4064 
5799 71 
5800 5266 3709 
5801 3089 8622 8175 
5802 9587 
5803 4967 
5804 349 5013 
5809 2725 
5810 1266 1371 7482 
5811 7390 2429 2126 3047 
5812 604 
5813 2370 7218 4141 
5814 6667 7901 
5815 5681 1090 8189 
5816 6136 2442 6300 518 
5822 4052 
5823 5546 6140 
5824 2755 7528 8297 3403 6606 687 
5825 4769 
5826 7979 4339 2862 
5827 6929 
5828 1825 4171 
5829 5286 1806 
5835 5360 5868 
5836 4089 5975 5773 4977 
5837 9056 7060 4213 1574 
5838 1704 2673 1978 2861 
5839 6150 7143 2504 6347 2804 3928 8212 5596 
5840 2416 433 9282 3349 3247 
5841 7500 
5846 7336 
5847 6332 4098 4442 3941 
5848 3864 5153 6589 6270 
5849 9440 3522 41 1450 2487 201 
5850 7105 4452 8709 1767 5608 2477 5582 784 9776 3641 1561 3900 5213 
5851 2017 4267 1628 6645 335 
5852 2981 2667 204 3409 7444 9886 4635 6237 8254 
5853 9400 
5854 4389 
5859 9350 
5860 3895 
5861 6296 6739 294 
5862 5325 2153 4525 245 1269 
5863 1732 8423 8904 4555 2029 5361 4127 
5864 161 3339 165 2493 
5866 4163 
5871 6975 
5874 4249 7850 2827 5828 
5875 5493 
5876 6083 7587 6622 7925 
5877 4449 1085 
5878 5740 
5884 8683 8791 
5885 6437 582 
5886 8504 
5887 1355 
5888 5177 2318 838 8421 
5889 1860 
5898 2119 
5900 9479 9231 
5930 3992 
5944 3150 
5954 8219 
5955 8714 
5957 7182 
5958 7853 
5959 5488 
5960 3284 
5968 5660 
5970 7104 9908 5421 
5971 5696 3834 3380 
5972 8459 
5980 7265 
5981 7882 2014 
5982 1808 834 1111 
5983 5264 1651 8603 2566 7327 
5984 5180 3684 8374 8209 
5985 4138 4723 7725 
5986 8779 
5990 9521 236 
5992 3179 5705 1891 6689 
5993 3202 8200 1138 1468 7709 2718 
5994 8089 7348 9825 
5995 8211 9739 4197 8520 4747 5228 5677 6127 9896 8114 4755 9628 415 
5996 776 9328 5757 9429 
5997 8712 6573 
5998 301 
6004 8456 2149 5078 
6006 9158 5926 8 8910 8814 8220 6591 
6007 2180 2154 9582 561 9273 3966 
6008 8391 7951 2007 3485 3613 2911 
6009 194 3915 4122 3854 
6014 2973 
6015 7450 
6016 1100 
6017 4864 5920 1287 
6018 4020 1228 
6019 5849 3659 5583 
6020 9504 1348 3863 9932 3635 6295 2875 
6021 3696 3937 
6031 7145 1827 
6088 3507 
6101 3839 
6103 8408 
6111 6941 
6112 7889 
6114 1496 8880 
6115 2984 1154 
6117 9711 
6123 8974 
6125 1152 2596 
6126 9151 
6128 770 6676 8999 
6129 1788 6909 
6135 4281 6978 
6137 7872 
6138 3552 5040 1226 7541 8897 
6139 2950 
6140 9326 468 8133 3726 
6141 907 1758 9327 
6149 1631 
6150 5644 8422 
6151 9977 
6152 2920 
6153 928 7583 
6163 1184 
6164 7488 9900 
6247 4464 9669 
6269 1918 
6285 7436 647 
6286 476 
6295 1191 
6296 4514 
6309 5485 
6428 208 
6949 5045 
6987 5194 
6991 3178 
7069 4179 6228 
7072 2593 
7080 3455 
7081 3652 
7084 1327 
7085 4890 
7092 2853 
7095 3281 4338 
7097 4781 
7107 6960 4572 844 
7117 1510 
7119 9257 317 78 8653 
7120 8054 
7122 7632 406 
7123 6410 
7129 4298 6484 
7131 4784 
7141 1884 7591 
7143 3217 
7144 1564 1733 
7145 3055 
7146 417 
7155 1823 
7156 3751 
7157 1005 4701 
7158 2585 
7159 1678 
7160 5278 
7170 8757 
7172 5578 
7214 8050 
7215 5440 
7224 7553 7330 
7238 8371 
7240 5401 1502 
7249 1417 7755 5905 5407 
7250 2531 6660 9485 1022 
7251 1465 1517 
7252 2041 4938 4806 
7253 3396 1060 5953 
7262 7202 
7263 1249 
7264 6521 6482 9204 
7265 3200 3144 7437 5558 1117 7646 
7266 9129 
7267 2085 
7273 2688 8628 
7275 5611 4108 1389 4915 9044 3198 
7276 7578 1587 
7277 435 7023 
7278 352 817 788 
7279 9730 4937 8299 7568 4853 1398 5817 
7280 6752 8935 6919 6994 2547 4346 
7281 4821 
7282 2334 
7288 6872 
7289 6760 545 4923 1701 
7290 9848 2757 
7291 9759 
7292 8344 9946 6358 5639 
7293 5963 
7298 188 8397 7758 
7299 8827 
7300 4345 3894 
7301 8883 6647 7789 9411 583 
7302 1560 4900 45 
7303 6584 44 1848 6551 1720 6682 7711 
7304 3888 6596 4156 
7305 2327 
7313 3793 2308 9623 
7314 7066 5364 9781 9446 
7315 6137 5573 8217 
7316 7291 4428 8141 
7317 4470 
7325 3100 8767 
7327 4432 9600 
7359 1961 
7360 467 
7369 7311 
7370 8819 
7371 9894 
7381 5548 1996 
7382 9656 4585 2714 
7384 9322 8131 
7386 3658 
7393 4856 
7394 5598 
7396 9035 6364 
7397 2195 4652 5221 9438 9183 
7398 4944 4692 9767 
7399 120 2432 
7402 7185 
7405 3337 
7406 1569 6599 
7407 9240 3545 6090 6398 
7408 4520 9966 4826 1749 6118 
7409 3528 4186 2988 3087 
7410 6603 3474 1491 5945 186 6172 
7411 641 5402 5091 5781 9211 
7412 8760 9969 6523 8783 
7413 1690 
7417 8380 
7418 9444 
7419 4498 5143 
7420 3808 5979 4047 2991 
7421 9689 8947 7701 6039 
7422 9029 3560 9832 7531 2032 8881 3668 1975 1119 
7423 6818 4012 2957 5297 2035 3924 4278 9080 2516 8955 
7424 7971 274 1323 3979 4330 
7425 4080 658 9116 766 8463 
7430 425 
7431 4259 3276 8261 
7432 3768 5152 652 9436 
7433 9030 5030 4049 3496 1357 4398 8335 2577 2899 7286 8471 1311 
7434 1441 6563 6761 8461 878 5551 4113 339 7694 9143 9753 7452 9342 
7435 1029 646 5193 8076 2319 4562 8623 8856 5625 4795 8060 9740 
7436 9168 7382 6124 3599 7056 1589 6607 535 9944 719 9214 3157 
7437 8888 171 7766 7542 
7438 1494 
7443 7703 
7444 6320 1253 
7445 8491 1908 
7446 4672 3739 839 5290 5581 9135 9008 9554 5974 1723 
7447 9986 9371 3044 9765 1255 7304 9996 1968 9128 727 4921 3259 1852 8285 7870 7071 
7448 8612 902 1711 4849 6130 4342 6264 2553 3869 7326 
7449 2760 6112 6354 1796 
7450 1393 
7456 8993 
7458 8901 1231 
7459 736 9840 1609 4496 3832 319 
7460 5385 6010 3763 7698 5830 
7461 4832 3230 8407 
7471 2355 2631 
7472 4453 6351 
7482 4459 
7503 9367 
7512 4031 
7515 3530 
7518 4221 
7527 4760 
7528 8787 
7529 3025 6036 
7530 9803 
7531 8629 
7537 3436 4086 
7538 915 6813 
7539 8113 9218 6391 5095 
7540 841 4782 422 263 
7541 7385 5986 7594 3742 9431 
7542 7560 7121 4517 231 
7543 6638 3239 
7544 9925 
7545 3085 
7549 8360 
7550 6338 6158 
7551 5280 395 1427 
7552 8577 3289 7261 2726 7039 
7553 5061 4303 9588 2969 1178 2511 2174 7397 
7554 4283 4188 4981 8134 6839 
7555 8166 6540 4942 6833 5299 8218 187 
7556 3904 4852 3469 2038 
7557 3360 7433 2207 95 
7561 8196 8693 
7562 9352 2753 7834 9883 980 
7563 9064 6001 5189 830 7485 
7564 3717 3302 5511 8586 8527 9335 207 5597 9279 
7565 2166 8137 9290 7759 7702 1591 3101 5566 2495 
7566 5507 3079 875 8332 4337 6098 6708 6129 9208 601 7804 
7567 9888 2854 7369 3786 6315 5102 1295 6357 7384 
7568 9312 2036 1124 2653 3393 
7569 5562 3491 8078 823 
7573 6528 
7575 7042 6467 3054 
7576 4418 8367 2295 
7577 1987 6788 4615 3753 3280 5795 4475 4479 
7578 1120 3969 1797 5641 6346 205 334 6537 
7579 6241 3010 8826 7713 9556 2954 2818 4045 8333 3028 8737 887 2996 3988 8956 5306 
7580 1953 3394 9189 6 6727 744 9772 9260 4302 6352 5128 9525 121 
7581 8227 7621 4263 1675 9863 7440 6609 4468 8293 
7586 9018 
7587 3040 1243 
7588 9065 7043 1318 
7589 4805 157 4415 
7590 9540 3430 9991 8812 7786 12 7664 9682 8249 5311 
7591 6016 4336 5282 4869 3400 3562 5518 528 1363 9696 5398 6327 5721 3482 959 
7592 7779 4679 7021 7595 3596 5741 1455 9296 6199 249 3706 4605 3326 
7593 1220 8839 5404 8939 3342 9648 6516 8662 540 2303 
7594 520 5899 9655 4207 
7600 5913 
7601 8009 3260 2669 
7602 1466 1899 8538 7775 
7603 5888 9865 6436 7710 3646 
7604 9591 5412 7 7051 4364 3918 8656 5012 6135 
7605 6880 1834 2298 2614 6893 
7606 5969 3362 9082 
7613 3585 
7615 3136 3378 7491 805 
7616 9662 
7617 1857 3261 2478 
7618 8522 5627 
7625 1375 
7626 2251 
7627 5512 
7629 5305 
7646 1241 
7662 107 
7663 5678 
7671 1878 
7673 7347 
7675 1361 3694 2129 
7683 4103 
7685 5032 
7686 645 1198 
7687 2535 
7688 890 
7695 3131 9923 
7696 3780 
7697 7761 627 6196 6779 6615 
7698 9555 8139 412 5222 9343 
7699 2496 4842 7099 9254 7503 
7700 7596 6253 8052 8501 9533 6165 
7701 9960 7140 964 6766 
7703 598 
7708 3377 4058 7975 
7709 209 8609 909 1622 3785 
7710 4386 7598 2641 7826 2550 7866 9531 9276 3167 
7711 3949 6149 2740 2133 1999 
7712 4544 2434 9220 9413 5543 6697 8940 6096 6513 3861 3543 2361 3163 
7713 8032 7203 7410 723 8440 4348 
7714 2652 5710 
7718 4722 
7719 9916 
7720 3722 5923 4631 
7721 5988 8680 2505 9619 1421 2000 2611 8457 3032 123 
7722 4899 4230 3111 6856 6034 7604 4149 1691 
7723 1607 2922 551 6318 6429 1265 786 8980 7830 4913 
7724 6496 4993 7075 1702 4972 1042 5588 4406 2042 9307 7166 6655 
7725 6896 4257 6914 2715 4195 
7726 6725 
7732 8730 2819 9807 4814 2559 
7733 2803 8331 2630 9959 
7734 289 9732 173 1070 2293 4836 9749 
7735 1280 7169 3298 9219 6404 9893 4390 3880 5417 397 2927 8233 9370 220 5695 
7736 8843 9660 343 3149 3152 3891 2519 8604 5694 
7737 1633 6411 616 4011 8044 7888 
7738 5870 
7743 9577 
7745 469 1613 
7746 7681 1757 
7747 3691 6074 3115 8445 
7748 7810 6917 4811 7279 6677 9174 3887 
7749 3976 6281 2445 
7759 8585 
7760 2792 4920 
7761 9378 
7762 6574 
7772 3532 
7773 4090 
7802 8081 8173 
7804 5968 
7818 2155 
7824 743 
7827 3153 7844 7623 
7829 4725 
7830 711 
7831 7438 
7834 3385 7651 
7839 3757 
7840 9154 
7843 2364 
7845 5720 414 
7846 8154 
7851 65 
7852 8838 7950 
7853 7768 801 7299 
7855 6086 
7856 9905 9383 
7857 8985 
7864 7564 
7865 4777 6963 9409 
7866 8425 1604 7414 5271 
7867 1562 1444 3710 8327 
7868 2323 2365 7230 4541 
7869 8931 7229 3007 
7878 5771 5276 174 
7880 9122 8158 
7881 2488 6125 
7882 5346 1684 1351 
7889 5064 
7890 3518 
7891 4616 2660 700 5877 
7892 9695 
7893 7699 215 
7904 1012 
7905 2289 
7906 3214 
7949 3232 
7971 2926 
7982 1004 
7984 977 
7986 8024 4227 
7988 7252 
7997 8291 5406 4918 
7999 6310 
8001 3779 
8009 8066 
8010 1046 
8013 5552 3814 
8014 749 
8015 109 
8021 7995 
8022 4210 
8023 4625 6731 1949 
8025 2833 299 510 
8092 8659 
8116 3195 
8168 222 
8182 8400 
8679 3964 
8703 6756 
8742 3048 
8796 3069 
8797 845 4335 
8799 9026 
8808 3086 
8810 9068 
8825 4378 4740 
8832 3798 
8835 6633 
8836 1144 2937 9152 
8847 5409 
8848 9576 403 7372 
8849 8041 746 8159 
8850 5907 
8858 8341 3183 
8860 2071 
8861 8800 6646 
8862 8987 9493 1789 1839 
8870 5726 
8872 1481 
8873 2595 4629 6123 
8874 5618 
8875 1621 9638 8087 
8885 4166 
8886 6463 
8887 6913 7389 6799 
8888 427 
8889 8404 
8899 1354 9119 
8912 9937 
8941 2249 8717 8017 
8943 7094 
8944 3690 
8945 2479 
8952 2383 
8953 270 
8954 4433 346 2372 3463 
8955 3631 2711 
8966 5477 2031 
8968 1320 3320 
8969 5158 
8971 9034 
8978 3376 4734 
8979 1998 
8980 1433 1866 6242 
8982 9102 4735 
8983 9345 4279 
8989 5521 
8990 2896 4676 
8991 8451 4862 
8992 8353 3990 3303 8648 7663 9459 4950 5534 
8993 9913 9578 3292 
8994 1208 5665 3859 4877 
8995 3161 8634 6131 2461 
8996 6560 3371 8646 
8997 3143 
9001 1403 
9003 122 2034 7517 4919 
9004 8074 2947 
9005 4556 787 868 6561 
9006 3268 8489 7179 5199 6006 8665 
9007 3334 1125 4422 679 1544 5610 7224 
9008 4512 506 3660 2733 
9009 7193 
9013 8649 70 
9014 4112 947 
9015 1800 1617 8075 4056 7415 
9016 8415 8951 941 1303 
9017 137 4394 683 466 9203 4791 9852 
9018 7332 7333 9608 5679 3250 2197 1464 
9019 1906 5520 1234 1043 6012 7998 
9020 1276 6701 
9021 5737 
9025 7940 
9026 8557 5798 
9027 4958 
9028 8705 6460 1261 
9029 9096 
9030 6169 2236 6110 367 
9031 1858 3164 
9032 6505 9234 4491 9294 2982 
9033 1136 6441 2469 5334 9181 
9040 2979 
9042 8657 1778 4395 
9043 1662 6575 
9044 5756 
9045 7747 
9054 6611 
9056 9704 7351 9708 2159 
9068 1927 
9070 2747 
9072 3653 
9073 3818 
9087 2312 
9088 5649 
9091 638 
9097 8448 4818 
9098 2579 
9099 3464 9060 
9102 2544 
9109 3810 8340 
9110 6258 
9111 6365 886 2855 
9112 4713 3516 7030 
9113 4136 7803 5999 
9114 5150 
9115 4705 5826 3188 9009 
9121 8732 
9122 3720 7048 6402 8825 
9123 8858 
9124 4353 
9125 1232 2944 9197 5448 7423 
9126 4500 9037 
9127 674 1061 3509 6518 7961 5755 
9128 8696 7209 6302 
9129 2858 
9133 3782 
9134 8636 4882 7292 8644 2078 
9135 1342 
9136 32 1416 8105 6989 112 5960 4505 7582 
9137 6202 5669 2501 4895 
9138 5712 691 4935 
9139 7205 3629 6449 6899 5172 8345 4410 9573 
9140 4256 4717 9390 9808 3411 3893 1278 
9141 4484 
9145 2823 
9146 832 5379 3812 1414 5616 5816 5531 
9147 9241 2343 2420 1055 
9148 5857 7176 3593 7695 9456 2545 9618 7481 4095 
9149 5955 9041 6904 579 3190 9497 6616 7417 191 
9150 2498 5571 7429 1829 3185 1233 8882 7235 213 4949 6392 5119 767 
9151 8001 5922 7556 5450 2219 4239 3856 9395 6583 3672 4382 
9152 225 6210 2436 4421 2385 4744 8235 268 9506 9997 4017 1907 8631 4792 9599 
9153 7479 6157 918 9239 5661 2015 
9154 5510 5871 
9159 5900 2683 1499 524 3155 
9160 2209 2626 9924 7976 1897 2648 5530 1148 
9161 9264 3267 164 9281 4073 4075 5164 5742 1840 6162 7988 8310 7511 6948 5181 
9162 5840 3554 9381 5449 5098 5901 4400 9402 5642 8510 
9163 9940 1923 3172 7847 2889 9859 3211 4804 4644 7228 3892 7669 5366 3876 8602 5308 4861 5246 
9164 6657 2532 6567 124 461 6479 3792 4284 5237 1750 1513 7064 5764 8314 6511 1372 
9165 5381 9768 4265 2347 8564 5717 4873 8761 4425 3229 1630 
9166 9050 
9171 8953 3277 
9172 5976 4027 3845 8214 4997 
9173 1888 996 6407 4046 1374 9407 
9174 523 3431 4684 2282 1035 588 5902 2933 6519 636 5630 
9175 2369 1442 7622 7649 6889 2538 4619 4812 9895 5842 1876 507 2986 5439 
9176 5792 9161 6478 4150 2552 857 2906 8157 
9177 7749 3981 2446 5389 881 4372 8183 8859 
9178 6240 574 
9182 4072 
9184 5796 2557 6911 
9185 1600 
9186 2564 1838 4687 9238 7994 5469 7134 
9187 448 9829 4618 3502 1262 9023 
9188 2560 1509 2731 8847 8592 7474 8670 1214 
9189 227 8469 733 303 
9190 6786 
9197 3266 2371 
9199 3898 4114 
9200 6081 4794 8452 5626 8925 
9201 9968 7097 867 4220 
9212 1611 
9213 9194 3446 
9241 6534 
9242 8989 
9243 6842 
9244 5422 
9246 8042 
9253 2203 
9254 8994 1995 
9255 2397 4685 
9257 664 6637 4358 
9258 7683 4076 
9259 3034 3618 
9260 4775 
9261 7315 
9262 383 
9265 6280 3789 
9266 2697 9137 7381 4262 247 
9267 9784 3833 5727 244 4767 
9268 1826 6853 9106 606 9270 4510 
9269 1321 4363 8304 1812 8873 3480 7069 
9270 7233 4741 8647 7913 4234 3084 3095 9210 5445 
9271 3218 7495 7181 2514 6235 5887 
9272 4721 8092 
9273 8804 
9277 4677 
9278 824 714 8012 9853 1310 
9279 5952 9033 7275 2897 5267 3541 
9280 6696 7633 8580 6093 7638 
9281 7947 5673 7115 6094 1712 1910 8119 5244 4318 7903 
9282 1185 5069 9293 9873 7380 2676 
9283 1217 8697 4357 421 9483 3501 6350 6189 6483 1076 3801 3512 52 5433 1853 927 
9284 5188 2898 6548 9465 5307 7580 
9285 5883 8412 
9286 1635 
9289 6569 
9290 5028 2059 6414 1074 9236 4120 7260 
9291 2737 4708 9529 
9292 0 5218 8964 8127 6470 840 1007 5171 1462 185 1563 4639 
9293 9265 2213 8775 7945 4401 534 3991 2520 9809 5500 8862 
9294 5411 6116 1415 7100 6987 1645 7960 943 5745 6167 5592 1660 1086 4351 
9295 5760 2177 3203 9252 4833 297 939 9484 2481 7253 9398 9495 2424 9835 
9296 2080 5377 6601 6810 3046 9543 8776 2217 1674 6763 7791 7430 1524 9062 8470 5257 1018 3835 3274 
9297 4068 6762 7919 4115 8596 3096 9684 1246 
9303 7308 4671 
9304 8864 1964 4957 
9305 2051 9738 7116 8973 1552 5393 7539 5332 4277 6068 26 9212 2938 8734 
9306 5601 2466 3363 1764 3719 6273 5481 7767 1419 8460 8658 750 7401 8016 626 46 7337 4159 9230 9866 2079 
9307 6921 6798 2336 1319 4524 8751 7730 2484 7350 1972 8378 1988 3536 8913 84 5214 1256 5671 9073 3442 9205 7932 
9308 1024 5893 7050 657 8210 9876 4373 1312 8481 2472 3884 9902 6456 3257 991 1724 7614 4000 8900 7885 6933 313 9566 351 8294 6502 2663 6251 498 3444 6652 2687 
9309 8672 6529 8187 6226 7953 2023 9827 7946 1067 5394 7312 5617 4018 8707 7540 9921 3803 3004 6993 958 2431 
9310 9306 1743 
9314 5688 
9315 5170 5155 
9316 5809 3627 
9317 4228 773 1550 4753 4948 8821 4759 3772 8190 
9318 2242 8836 3426 3689 72 2274 4362 235 1325 1519 5911 5704 306 8627 2932 1814 439 4667 5310 
9319 2337 4845 4102 460 6218 3148 2253 8014 2447 8305 5458 7811 4532 7157 9580 2268 7581 9246 
9320 2272 3872 9624 6245 38 4161 808 8361 1066 5131 9797 1904 4456 9906 7765 7313 9321 2712 9226 8606 6405 
9321 2210 6339 7877 5383 6504 1539 2389 7037 2942 
9322 825 9466 53 2294 6373 
9328 4416 7574 
9329 9692 4236 2983 
9330 2880 1122 6051 7948 5104 3505 1267 4637 
9331 1606 9703 9036 1129 9652 940 8013 2132 3001 9564 6590 
9332 673 8959 9793 8201 7662 6683 2812 8383 
9333 7297 8163 7972 7589 3750 8136 108 5709 527 2706 4537 3321 1914 2746 
9334 2497 6289 
9342 3738 
9343 4660 206 
9344 5135 
9345 2344 4489 3058 
9346 2682 1107 
9356 6417 
9358 3105 
9388 667 
9390 3221 
9397 3064 
9398 8500 
9399 8719 
9400 7012 9806 
9401 5217 
9402 37 126 
9404 5724 
9409 3345 7735 
9410 7053 8741 
9411 1650 8943 2671 
9412 2656 9250 6535 1418 111 1206 2811 7900 
9414 2368 5475 5491 9439 
9415 6208 3714 7212 8674 4751 6387 7799 
9416 2722 1339 4965 2275 
9422 9935 
9423 3243 
9424 398 2096 8406 377 702 6335 
9425 7114 4251 4438 430 3767 
9426 5927 9416 5479 7024 8274 4214 6103 4893 
9427 1252 6279 1002 6923 4269 4526 1745 9076 8120 3460 
9428 5824 515 2500 6309 8917 3858 3445 7197 6047 
9429 6866 8755 5676 8906 6246 
9430 4689 
9434 434 7814 
9435 1762 9091 8742 4711 1738 4786 
9436 2280 5424 178 8022 3127 
9437 6362 7428 1285 7526 3903 
9438 9953 7778 3748 8997 162 4110 3181 3664 9052 
9439 64 6146 5211 260 5797 4134 2376 6219 7547 5229 3695 689 4594 1973 8279 4539 8572 2077 9983 
9440 8550 4551 2030 4403 8942 3611 8764 9630 
9441 1536 4610 2437 298 3020 1997 1966 8088 4126 
9442 5474 5789 
9443 5446 
9446 740 
9447 6378 7763 
9448 5713 9434 4851 
9449 104 5455 1073 2357 8168 1912 1976 
9450 4898 1573 614 556 9487 9679 91 957 
9451 7904 8912 7206 486 7273 8300 9040 5936 2836 4441 2235 3774 2655 
9452 2881 5604 1223 491 9688 722 3604 149 5079 760 6452 5882 7644 9397 
9453 2752 8929 8930 3240 2953 2570 8587 5994 2958 8690 3890 1332 9929 9528 4170 
9454 2513 3418 8802 
9460 5544 9054 5014 
9461 1034 5547 4797 9272 6553 93 
9462 2244 550 3688 1807 5233 591 8287 
9463 5248 4996 3237 5574 6604 140 9934 8111 1490 6260 
9464 4546 7499 3527 2248 5130 1835 1132 5965 6605 7216 1689 537 8090 3133 7678 
9465 2754 8389 3718 3975 6663 169 1643 1773 6671 978 5527 4472 8282 635 2108 
9466 1298 3570 3734 
9474 5564 4070 
9475 1187 6020 8874 7790 4788 7062 8664 4473 
9476 9617 7195 9500 7173 7527 
9477 7328 1352 4332 8466 6223 2704 1777 6386 4212 
9478 633 8010 6380 
9483 908 
9485 9510 
9486 8786 
9487 9192 7729 1155 
9488 7377 7835 9756 7061 
9489 6840 
9500 5277 
9506 4566 
9529 1553 
9536 5723 
9541 3462 
9543 2890 
9545 5476 
9553 5457 
9554 8458 
9555 5344 7910 
9556 2135 
9558 1658 
9559 6564 
9560 1739 4243 
9565 9728 
9567 5847 
9568 804 9622 8334 
9569 7880 
9570 40 5001 6303 
9571 8276 9637 4407 
9572 8289 106 2567 
9573 7573 
9579 1244 5326 374 2863 
9580 8358 
9581 1776 4352 6714 9283 9877 
9582 420 3173 7462 3626 6925 7565 5748 309 1559 58 8143 1877 
9583 2794 87 
9584 3692 4164 8392 1801 6060 7606 8349 
9585 7849 
9586 1202 
9587 3233 
9590 8805 
9592 8483 5623 
9593 708 
9594 3468 
9595 7456 262 6887 1802 9425 2262 3226 6685 
9596 416 6918 7213 5934 3953 9518 9341 
9597 5252 6821 3622 9223 2702 4953 7418 
9598 6562 2901 5621 
9604 4028 
9605 640 
9606 8097 419 3531 1584 1592 6588 
9607 3619 3630 1971 5396 1365 8660 8250 
9608 3586 5700 5126 9482 2995 7002 
9609 2181 5766 1021 9779 8058 9139 
9619 9992 
9620 3713 1250 2212 3813 5466 7871 
9621 8933 5917 7126 3607 
9622 8972 4322 3564 
9629 4640 
9631 8162 2044 
9645 9127 
9676 8575 
9687 1647 
9693 7059 
9701 3674 
9710 1932 
9715 3584 
9716 3838 
9723 810 1388 
9729 9476 
9736 9448 
9738 6751 
9739 9309 5039 
9740 8966 
9742 7164 4444 
9749 9053 
9750 5210 
9751 8150 791 
9752 8552 9347 
9753 4732 
9755 6801 
9763 1145 
9776 8663 
9844 2551 
9846 7294 
9870 4033 6623 
9885 7198 
9886 5602 
9897 5408 
10418 6800 
10430 6379 
10470 709 
10517 5812 
10524 6294 
10537 1384 9645 
10538 4369 7666 
10539 8468 
10550 9892 
10551 2895 4563 1359 
10552 3323 
10565 3569 7513 
10577 4889 1219 5019 1941 
10579 9515 9644 7894 5958 
10586 4798 710 
10587 4871 
10589 2562 
10590 4225 3931 732 
10591 6719 
10599 3492 5117 
10600 3960 
10601 9627 
10602 9571 6307 5212 3965 4911 
10603 2576 2802 4180 6070 
10604 7635 
10611 1489 
10612 1792 
10613 8104 4622 
10614 2509 
10615 1713 2060 9798 3311 
10616 8267 7643 
10618 4370 
10623 8535 
10626 5957 
10628 278 
10629 212 
10637 6894 
10659 6431 
10671 1641 
10673 9002 
10680 6566 
10681 6033 6957 8505 
10683 6323 
10693 8984 
10694 1688 5529 7523 3773 
10695 2824 9225 7916 6577 1747 9621 279 8569 
10696 2175 
10704 2002 2194 
10705 6285 
10706 3844 
10707 9072 6212 
10708 7320 6907 5348 8605 7931 
10709 9291 
10710 8195 917 
10712 3625 1954 2492 2423 
10713 264 
10714 497 7457 
10717 8619 
10718 4947 2070 
10719 7314 1045 5382 135 
10720 4728 5881 8015 
10721 5208 
10722 3809 4866 4291 3526 2759 3030 
10723 2523 5878 9055 
10724 4690 8444 8978 8487 
10725 737 
10729 6408 3662 503 
10730 9912 8695 5967 
10732 16 256 3070 8807 
10733 613 2541 143 2131 3162 5919 
10734 3875 6726 5738 877 9325 9744 4178 8244 2494 
10735 8641 934 8841 4907 6542 2099 5134 8822 7095 9145 4380 
10736 5568 5166 
10737 8849 3579 7077 2366 
10742 8614 
10743 707 
10744 8640 739 3853 4528 7833 8924 8893 
10745 5576 2474 8503 6874 6749 5854 
10746 1760 6368 1506 453 10 9228 1358 9583 9424 3219 2900 5145 4761 7514 7006 
10747 9993 6216 2089 9751 6668 2510 7055 8561 5010 9015 5624 9563 
10748 1064 394 5831 906 4927 
10758 4868 3398 8071 5613 5103 8053 
10759 3458 2188 
10760 5539 6565 3050 759 5101 3476 6101 7257 5049 1209 3804 
10761 1313 1970 1828 4319 
10762 5105 1259 
10769 3209 5201 1247 
10770 8307 7026 1211 7845 
10771 9547 4778 650 7243 4570 5051 1130 
10772 4099 3156 1885 
10773 9683 573 9430 
10783 2992 
10784 6008 
10803 8817 
10815 5633 
10816 6722 
10824 1135 
10825 5112 
10826 2320 6425 8045 
10828 9000 6748 
10837 8084 18 5052 4999 
10838 3802 2606 365 846 
10839 9405 1766 
10840 2329 5042 9157 
10841 2690 8816 6865 9330 9812 3066 9914 
10842 3610 
10843 5314 
10844 826 9538 3862 
10849 1048 3906 1268 5365 9221 
10850 5220 5355 557 5011 9278 4855 8251 1566 
10851 7842 5156 5159 8621 1842 2391 9144 
10852 7324 5874 3916 7117 7343 
10853 7225 6451 9348 2694 
10854 6179 69 8172 4035 8439 5594 
10855 1305 2730 7733 7918 8678 
10856 9427 843 5343 5294 607 
10857 850 
10862 3824 3052 3413 
10863 7777 7555 1671 8558 6236 7965 
10864 9313 8547 8740 6248 8681 8337 6423 2776 1657 2555 988 
10865 8417 1346 5961 7507 7211 7886 3826 5139 5560 
10866 3299 8388 3109 1832 6828 4820 3319 6488 441 4700 
10867 8003 2980 1383 2763 7602 4242 7220 2485 9268 7421 1598 
10868 4193 9762 6819 4516 9729 6634 9995 2158 3186 6968 
10869 4235 9714 2475 3372 3589 
10872 5003 
10874 7168 7737 764 
10875 998 9710 1236 6648 6804 5853 5182 2335 
10876 5575 1771 2894 851 1390 4632 9177 2717 
10877 2465 2788 1291 2316 1710 7057 1459 5268 5431 9816 4091 
10878 1088 5376 6274 387 8229 8524 4268 3056 6834 6371 2324 2422 1049 9043 315 3806 
10879 7427 1157 1926 1548 3475 1557 6681 1819 8101 9126 8625 5036 5041 2106 8000 5058 3395 6852 2260 4309 4315 1634 9468 3947 4719 3196 
10880 9088 321 6082 9718 6823 553 5898 3851 2157 8431 400 8860 1748 8135 5015 4602 892 6170 798 
10881 1890 1221 2758 330 747 1038 9903 9845 1304 6201 2748 3141 2629 
10886 7296 9548 
10887 7626 8891 6197 
10888 3556 7005 1424 282 7355 5501 
10889 6659 234 3119 3603 5269 4697 60 
10890 6877 5859 5429 4838 3628 5291 780 3405 2607 7405 7746 1205 8905 1946 6554 255 
10891 3553 3970 2533 2215 905 781 4686 4093 4016 849 8329 2072 6959 9820 637 7934 9649 
10892 993 4841 8099 2405 2049 1929 7530 3495 2573 8308 7241 1993 9305 1913 8091 4252 8829 
10893 7654 4266 3572 6934 7028 6442 3612 5053 5438 2815 
10894 5169 7893 6433 3910 1279 
10897 6427 
10898 8793 5851 
10899 600 7881 283 
10900 7624 7353 8043 8996 7917 
10901 1409 8598 9356 6612 8694 820 5468 
10902 7873 7686 6438 8107 4669 8273 4274 9094 5176 8559 4828 1341 
10903 5253 2825 6154 2705 2325 5912 2074 4381 3878 9949 6578 436 8713 9401 9659 7106 9926 9676 8797 9712 1010 7796 889 5115 3836 
10904 6017 6145 2838 6171 6953 8106 8239 5940 7860 8762 7748 973 1230 3407 4053 2134 4954 3791 5470 3680 5744 373 1654 
10905 9665 2851 4038 1575 7692 1677 5037 5680 4595 8509 9690 7004 8317 4062 8031 
10906 5834 2093 7247 3568 8019 9526 
10907 3414 
10911 9843 
10912 3168 5998 
10913 233 9123 3821 3942 
10914 7354 2404 7046 5910 479 
10915 4288 4770 9147 7716 9673 170 4589 9560 659 6741 4568 5273 5403 
10916 560 4434 8156 541 7015 
10917 5002 8747 8749 5631 
10918 6888 7921 5339 
10919 1894 
10926 9516 3550 3359 
10927 4333 
10928 1784 1992 
10929 7944 682 5186 
10930 9003 
10939 793 
10940 7943 
10947 8529 
10959 6340 
10960 3959 
10961 5498 
10968 6232 
10969 6075 
10971 3829 
10972 8303 4511 
10973 1696 
10974 7422 
10980 3110 3367 
10982 2624 8338 2775 
10983 9513 1685 5743 
10984 896 5813 4190 
10985 7009 4294 1385 6576 1909 2873 
10986 2835 597 
10987 7120 2813 
10989 6525 
10992 8393 
10993 6176 9705 2978 2647 
10994 2674 6723 
10995 9134 6991 3189 5174 3130 924 9722 2686 
10996 496 4105 4731 5420 1006 
10997 8130 8067 8518 3305 7467 7569 756 7258 
10998 33 4930 4385 7080 5930 3576 4025 
10999 1856 6501 4198 1896 4714 9713 1522 2677 2328 411 7434 9301 8837 
11000 179 807 3273 5553 51 5855 
11001 6195 9324 8197 
11005 9958 
11006 355 4328 8553 6539 8364 1709 9039 7536 9909 4476 
11007 1123 1098 2256 6514 3159 6858 9727 
11008 4768 7908 4140 6736 146 3347 2358 9919 5791 
11009 4128 4771 4100 1430 2407 1160 6538 3122 1782 2871 9721 4118 7658 
11010 4939 7794 3919 6928 1649 5522 7891 6005 9078 7128 3643 
11011 5747 3670 6022 4199 6472 1514 9027 7323 526 2525 6447 1779 3540 1174 8724 5274 4955 1194 
11012 6401 1161 8140 6644 2998 792 2138 8895 8188 1981 862 639 
11013 4297 6891 5454 3846 
11016 9354 
11017 3650 2004 
11018 131 2120 7119 6450 4564 7357 
11019 6147 7895 6333 4022 7727 
11020 6797 1889 578 4547 8677 3815 8271 2114 5903 1392 1618 8655 4664 7419 5373 
11021 7040 4321 6859 7819 5195 8845 1167 2512 6550 8512 
11022 2315 2997 156 7966 6693 9130 5419 2239 3761 5685 5821 7231 2761 9420 8269 7510 3031 4443 4194 4581 102 7912 364 9329 2299 
11023 5506 1169 1646 3094 1317 8102 4904 1068 5808 6194 4276 821 4800 1861 5703 9186 5715 7642 994 7395 4196 2798 7549 7412 3963 6781 
11024 35 4132 8221 6316 8743 3368 361 5303 4588 5230 701 9163 3139 6062 3255 2456 7460 2874 381 1150 
11025 7577 7906 4548 4903 1180 5351 3849 7344 6983 7108 4727 5369 3388 8831 
11026 4960 5698 6610 3222 
11029 1484 
11030 8008 8937 5886 9736 
11031 1448 802 6106 
11032 6304 197 2349 2269 6448 8754 2584 8346 1596 5341 
11033 768 5473 8011 1003 3758 6927 8884 1774 6455 3000 1179 
11034 128 1028 1420 2967 9755 731 9774 8115 318 329 5323 8915 9686 2169 6873 474 4059 7905 611 7652 6002 5241 
11035 132 1669 5258 8588 8465 8600 1435 8477 9631 7204 6313 2228 3382 9274 3647 1216 4192 7618 74 716 4430 8398 6489 1754 864 9450 5869 1902 4848 6517 7160 3582 
11036 2945 901 9734 663 8082 1299 5399 1308 9247 8498 1567 1736 7627 7118 1103 2518 8284 356 617 7532 5779 4982 7929 9982 
11037 3841 4488 4109 6931 5921 4388 6064 9394 7989 8252 4292 4933 3790 4176 211 2646 4696 9565 2536 3049 6393 4478 
11038 2994 7855 1586 1593 6298 8508 
11042 424 
11043 8148 9973 
11044 1737 7047 6198 4593 
11045 8339 1446 7597 3374 4787 1172 5754 5822 
11046 6181 362 2507 6058 8048 6426 7738 
11047 6021 8350 9120 811 5807 7091 1982 9760 842 718 4817 7374 5980 7008 3169 4578 9700 7271 3567 3574 4347 1277 
11048 4307 7812 4613 1235 1703 4936 7529 6023 3180 2350 8967 9763 1395 5428 7815 6134 2104 8551 7067 5342 
11049 9360 1283 1957 7014 7345 8040 5065 2058 2829 8142 3165 5200 1681 7762 7459 9717 9558 7162 3675 1340 874 
11050 705 1474 8231 753 7751 5762 1297 2291 854 3417 2331 
11055 8152 
11057 1379 1588 
11058 4736 547 5992 6220 7757 5262 3566 4695 5599 
11059 4641 5508 9317 1289 855 9069 3886 7608 8851 1705 3448 3867 
11060 8548 7054 5941 6394 828 442 
11061 5090 1741 5935 8752 7025 6421 1015 3129 922 7650 1950 
11062 9472 9377 3283 3348 4311 
11069 8651 
11070 819 
11071 5763 9028 
11072 2381 
11073 9536 5179 8124 
11074 9870 3902 
11080 3107 
11081 8240 
11083 6334 
11084 3176 
11086 5387 
11101 2393 
11103 2508 
11113 530 
11114 5309 
11115 5242 6979 
11116 2546 6740 
11117 5275 
11118 7923 
11119 8072 
11127 7818 2165 
11128 8409 3215 2903 
11129 3707 6831 3927 
11130 4305 9509 4661 391 
11131 7760 3353 8840 7964 
11135 5561 
11136 8857 
11137 3465 1556 8479 
11138 5472 913 4507 8813 
11139 385 1892 8038 1095 620 7567 1397 7734 4888 2777 4991 
11140 3175 968 2575 246 2521 2237 
11141 8616 2025 9790 6630 1047 
11142 160 9794 9288 5356 2699 2732 5904 5397 3830 24 8537 5018 7675 
11143 8464 7010 7557 4142 3471 4816 
11144 8132 340 125 6349 
11145 502 
11149 5528 1851 
11150 3021 
11151 3601 7914 7978 4014 
11152 2278 9512 2348 2413 4399 7832 5016 6703 5758 
11153 3045 8167 
11154 1472 228 9861 9382 938 1612 9813 370 5077 5860 8410 9180 8533 
11155 9121 4133 871 2793 8206 1967 7282 2142 
11156 9568 8708 6794 916 2421 2330 3775 
11157 3256 7962 
11158 4146 
11161 9520 3721 316 
11162 8257 5434 237 9625 
11164 5892 4424 3539 1488 1075 6044 8957 6174 
11165 6305 1059 5772 1581 3120 8434 5973 7318 919 9503 1023 
11166 4865 360 7210 4844 6381 1870 271 2964 631 4724 1947 6844 4863 
11167 8642 4835 7656 3051 2483 7982 2639 2448 8922 147 2392 6042 9819 7869 2238 735 
11168 1952 2785 4662 1222 2433 6343 7505 2866 694 2360 9113 5245 8863 
11169 865 4995 4964 3741 9979 2877 
11170 4201 5722 2869 806 1199 
11175 3681 9766 1212 6949 5652 
11176 7874 6691 7782 5094 6954 8386 6895 5629 4477 
11177 3920 7570 8059 3300 8998 
11178 4834 323 8617 7378 4078 8432 5265 5810 1204 8278 6552 3322 4574 
11179 8736 9632 546 9387 900 9478 936 5372 1930 8715 7468 4493 6030 8975 5648 3253 9948 2172 1501 3358 8991 
11180 3137 8070 2024 6665 3946 6827 6958 5584 6193 3666 1108 5333 9783 1240 7402 3002 380 893 1694 
11181 449 4482 1571 9636 1989 7270 5761 5391 9601 9368 8818 1139 1077 1110 5336 3865 9213 8179 
11182 3076 1874 532 3210 3917 
11186 2888 
11188 9898 6180 4565 
11189 4130 3980 9357 7955 4756 4187 
11190 6144 5972 2621 
11191 481 8292 1032 937 2826 1195 2828 7018 5390 6063 3784 50 6100 7177 88 3770 1725 
11192 4264 8986 9964 494 9501 624 8584 4147 8661 2073 7098 9435 2909 
11193 3408 4675 967 2440 9805 720 145 7956 7317 4793 9978 251 9822 8253 8820 3039 
11194 7201 6628 458 3883 8780 4846 9746 9460 1274 8650 
11201 2168 
11202 3216 5329 5667 3740 
11203 5133 7506 7667 6133 8920 1529 7451 7868 
11204 6720 4796 4092 4638 3983 
11205 7425 7820 7084 210 525 4850 6031 
11206 8865 3519 
11211 2480 
11213 9001 
11215 1408 6057 3042 172 
11216 3936 
11217 6836 7363 3036 4222 4183 
11228 8264 
11229 1281 
11246 242 116 
11258 8178 2211 
11262 9090 
11264 3571 
11271 3258 2012 9534 6151 
11272 9561 1916 2582 
11273 1731 7980 
11276 8784 7861 
11282 7267 9406 
11283 6692 8926 1551 
11284 2288 5392 4365 4783 
11285 1520 4034 
11286 7073 7671 7521 
11287 1893 2047 
11293 6817 3365 
11295 3249 9881 
11296 6824 2506 5023 
11297 856 4545 5363 6336 8161 
11298 3687 6420 8405 9047 2490 1948 5301 
11299 697 2202 1980 493 
11300 4013 9414 4829 
11301 5192 7808 7365 8241 
11302 7801 6613 
11307 623 
11308 4600 9277 
11309 9910 3971 333 7454 5637 
11310 7897 7551 5532 8687 2887 
11311 5504 9344 5638 4205 2830 6040 5657 
11312 4355 4646 1837 509 83 9685 8982 4698 189 2463 
11313 4648 9838 9541 6846 
11314 6290 9077 
11319 5509 
11320 7022 
11321 2956 
11322 6661 4039 7628 2934 8698 4831 
11323 9217 7851 2601 1451 7085 3279 4240 3350 7262 6015 
11324 8262 5545 6512 1044 9641 7864 6778 5725 
11325 4261 775 2542 6037 2522 8795 2613 
11326 3905 7447 9292 4233 
11329 8733 
11332 8916 
11333 2086 
11334 7301 3286 
11335 544 1473 9706 2187 7441 3027 7092 9724 
11336 4802 2467 9351 2128 2710 6776 699 5852 5085 
11337 2482 2196 2762 6829 
11338 4908 5714 2254 5138 7349 4121 8443 7772 
11339 8484 
11345 6971 3939 
11346 6076 3204 
11348 9159 
11349 3142 
11350 9266 8355 5804 4550 3615 
11359 8846 
11361 665 3923 
11363 6056 
11402 1369 
11414 5984 
11417 9590 
11418 9403 
11419 5460 
11425 4523 
11429 5572 2199 
11430 4665 7284 
11442 3449 2234 2399 
11443 4542 
11444 4758 
11445 4885 
11452 6600 8243 
11453 6353 4005 8950 
11454 7368 3099 
11455 4323 
11463 1761 
11466 9552 9422 
11467 7188 
11468 7566 
11469 5785 8718 6446 4654 
11479 690 6499 
11480 3938 1716 
11481 9824 7217 2549 6718 
11482 25 
11519 9814 
11547 6168 
11576 4289 
11590 6754 
11597 8147 9284 
11599 1440 9361 
11601 2698 
11602 2107 
11609 1917 
11611 6428 
11649 7823 
12144 3029 
12147 5132 
12160 4774 
12161 6843 
12172 184 
12174 8495 
12256 1620 2286 
12264 4437 
12265 2359 
12268 7082 
12271 2353 
12277 790 
12278 2857 2143 
12279 4634 4603 6515 
12282 5004 
12289 1330 
12290 4165 
12291 1454 
12293 8643 
12294 1729 
12295 6876 
12301 7563 
12302 4540 
12304 6826 6940 
12305 555 6860 3246 
12306 634 
12307 6084 
12309 4607 
12314 6486 
12315 769 8890 
12316 4300 
12317 522 4666 9791 
12318 3324 
12319 1793 2515 
12320 3352 9920 8283 6091 
12326 1721 
12328 859 6742 
12330 2193 
12331 2587 17 891 
12342 765 3014 2999 
12343 2426 
12344 6432 9014 8879 
12345 7705 7163 
12354 4231 
12356 3375 
12367 8638 7254 
12400 3182 
12401 3745 
12409 193 
12410 9584 8180 92 
12411 7472 3850 4650 
12412 9667 1438 
12413 6559 
12422 5215 1343 295 
12423 4082 
12424 1225 6639 2961 
12425 9553 511 
12426 6729 1251 
12427 2162 
12433 1176 
12434 6224 899 6558 
12435 5100 4750 
12436 7192 8568 4371 548 
12437 7509 
12438 8204 8116 8277 3558 8247 
12439 241 9575 2006 5751 
12440 8652 5699 6996 
12444 2586 
12445 5279 
12446 2010 5044 14 4599 
12447 7520 9443 4773 5844 9693 2910 
12448 2241 4519 4104 9789 9615 9777 9523 2075 6141 2462 
12449 8426 3090 3954 5943 2778 7562 
12450 1672 642 8615 8981 5735 
12451 4956 1942 7687 
12452 2680 2603 4975 
12453 7723 595 451 3686 
12457 9385 
12458 7268 
12459 1443 2300 8911 
12460 7670 9095 
12461 9761 3238 8296 1290 7827 9884 
12462 8064 962 261 7878 4008 11 9550 1974 4984 7356 
12463 5410 3811 581 9930 7630 2735 6608 5937 9366 570 1565 3397 
12464 192 9891 36 2341 6183 2061 4655 9716 6522 1919 4549 
12465 5788 6419 5124 399 
12470 6114 2750 
12471 153 
12472 3112 
12473 7680 5283 8263 7691 1715 9287 7035 
12474 1065 2378 5197 3504 4435 5204 5471 
12475 2240 5896 3796 1270 4312 3097 6586 3132 797 
12476 5456 2050 6088 7822 1008 8936 375 1050 9661 
12477 3177 2338 8435 2402 4978 
12478 2454 
12485 7593 3140 3013 910 9389 
12486 6507 6547 6614 1944 3994 3868 8222 
12487 4417 4623 3314 6771 7926 9404 
12488 304 7648 8576 9375 
12489 8828 2664 3241 7089 7954 54 8316 
12498 1137 9821 1886 
12499 8356 214 912 5843 3478 4830 
12500 6213 
12501 4988 
12510 3733 
12511 3912 3913 
12513 5833 
12534 9412 
12540 456 
12541 9075 8199 
12542 6178 
12543 2233 9951 
12544 3288 5050 2373 
12545 970 9303 
12553 5653 9190 8021 
12554 9633 7123 3158 
12555 3577 4922 9079 9074 4391 
12556 8170 2695 
12557 5287 
12558 6509 
12559 393 
12565 5768 2548 8047 
12566 3296 577 292 6984 3822 9585 9173 5526 2975 
12567 4961 9059 5293 3860 29 8478 
12568 7393 5668 9670 4306 5593 1530 
12569 7938 6117 1639 5897 8781 1648 5778 7704 
12570 7641 8453 8494 
12571 2204 
12572 2936 8192 
12577 7306 2622 7335 
12578 7276 218 619 1099 4314 
12579 6190 6675 6453 8632 1470 2943 
12580 3456 5786 8806 9451 2970 4445 
12581 4037 4839 1545 9514 5005 1873 9522 7797 5270 2103 2681 1082 
12582 2721 9299 3683 8004 9025 1843 3736 8927 7999 
12583 6947 5651 8750 6886 5759 
12584 833 3781 3206 9418 5670 5452 3023 5108 6319 
12585 5444 2223 
12589 3848 8573 2993 8722 5591 6808 4189 7487 
12590 6311 3737 979 5453 6153 
12591 8519 4718 1935 7219 7572 885 9981 1781 
12592 3648 8225 9153 3459 7620 2087 5000 8608 974 4527 8176 3379 3316 2645 8590 3194 923 6495 
12593 704 4384 7494 3207 6217 6122 3661 7086 5295 3728 692 3126 5655 9338 9967 5533 8735 
12594 3170 675 6375 1097 590 5880 3060 789 2326 3479 280 9245 2526 
12595 3361 3843 9733 7408 429 1486 3053 880 3987 3483 
12596 8801 7554 516 3752 2346 5071 5928 7027 3702 5082 5370 
12597 3682 2019 1196 5674 5068 9486 6200 
12598 4393 
12601 1804 
12602 1360 2417 1895 
12603 158 999 
12604 1595 6344 6903 1582 7153 9507 1300 7726 7158 1431 4344 5691 8373 
12605 34 2966 8454 680 4009 5459 2892 7341 5839 6024 2642 3251 2102 3831 9720 2362 8467 7660 4275 
12606 1376 7329 3842 6203 9445 6790 7848 7689 3404 685 6073 9107 1497 89 4730 3355 6109 1855 
12607 9680 7490 8517 5350 7722 8112 3825 3769 7736 3609 2619 7165 4606 
12608 9462 2883 741 198 6961 6955 1579 622 5519 9872 1425 3698 9155 9016 2678 632 9885 
12609 1193 4522 6092 438 2457 7997 
12610 6155 4185 4131 5113 
12614 1396 1381 
12615 1324 8941 1207 
12616 1697 8103 4169 5806 7538 1087 
12617 6849 4901 3623 2028 8370 3794 9237 2679 4508 3870 9138 
12618 2720 2144 9249 6128 9415 3041 1001 3370 8352 5932 7245 7986 688 594 55 9851 2842 3003 8976 6143 
12619 7376 2115 7300 1093 1959 328 8515 267 6317 8496 5232 5315 277 3799 9743 3514 347 7645 7070 
12620 6793 2186 7310 6674 8342 4651 9782 9097 8376 4420 2374 5067 984 5081 2789 609 226 2406 1638 6759 1554 6772 1533 
12621 6850 2884 9605 3452 8676 9847 6802 9489 6738 8185 8020 1109 2265 8472 388 2140 
12622 3820 4237 6967 
12627 7416 6946 
12628 6545 3489 3700 4897 
12629 3106 7492 6854 307 9907 4534 6046 3199 
12630 9804 6530 2243 5846 2246 9149 1868 2605 2766 6287 336 9970 5525 182 9719 4413 8702 
12631 2400 3332 5 4934 2727 6156 2443 4492 7854 6191 9747 8372 935 4790 3575 5494 
12632 3392 5793 8578 2307 4966 9737 8778 2839 812 7634 8528 5490 5123 2068 2039 4379 250 3451 1151 
12633 5120 5185 7522 9031 2411 6924 9229 7289 6649 9275 1822 
12634 5708 4271 
12639 9742 
12640 8691 7191 
12641 2666 6666 3423 
12642 2904 3873 4946 8354 
12643 4224 8706 6477 1106 4819 3092 4405 6964 
12644 9640 8889 5021 4630 6765 
12645 9005 6095 4465 4917 8790 8571 
12646 5640 5125 
12652 4054 
12653 7480 
12655 8834 5142 2311 
12656 3667 7631 
12657 7935 9488 1795 3711 
12672 6730 
12674 1353 
12676 3282 444 
12685 2095 
12686 6962 
12687 2685 
12689 6097 
12696 1794 350 
12697 1164 
12698 7875 2734 
12699 2849 8866 
12700 7200 3559 31 
12701 1583 
12702 4809 6085 
12705 969 
12708 6325 
12709 742 
12710 6687 
12711 2499 6635 5964 4973 3057 9046 5111 3224 6041 6175 
12712 6699 2351 2161 21 695 3128 7609 8029 8565 
12713 2083 6582 
12714 2117 6382 4436 9653 5750 9917 
12715 1576 3263 
12716 1879 1143 
12717 8842 
12721 8536 
12722 3704 6049 9544 5483 3901 
12723 2016 1479 2738 2226 345 57 284 3933 
12724 4609 2178 8579 8295 8258 9757 
12725 3008 7136 5187 9166 5263 8720 2100 629 248 3929 7132 
12726 4586 8555 402 9337 2009 3386 1627 5948 
12727 8403 3756 8390 4423 
12728 944 5107 9725 
12729 3121 5418 7052 6705 
12732 4063 
12733 6163 371 1229 6981 
12734 2305 7682 6019 549 7784 341 7033 
12735 4007 9010 9678 7090 4916 9333 599 5020 
12736 5729 258 6945 4879 2486 6617 815 3421 
12737 1505 3234 1699 2020 4582 1286 6881 4617 138 7714 9038 8560 9795 1171 8228 6111 8700 8798 127 
12738 5664 5825 5643 4069 7081 266 459 1969 7107 8768 5465 2395 4894 9567 
12739 1186 1603 9796 1637 7391 3497 4683 6594 654 5359 8675 9396 3925 8255 8216 8226 6863 2396 6879 
12740 2273 2245 7147 8428 2191 7825 1815 920 6585 
12741 9408 3297 3427 100 4074 9131 7890 7221 7607 5978 2719 
12742 4659 1405 
12743 2277 
12745 5609 
12746 7131 7478 9592 473 8027 8894 
12747 6912 5634 1765 4041 778 8098 4691 6900 6998 8824 1401 7190 8668 9098 
12748 4002 483 9764 7559 5603 3220 7742 404 6078 
12749 3874 1763 9956 7239 872 1452 2700 3885 7586 7251 8759 7352 9007 7836 
12750 9200 1922 5380 7974 4487 9196 4962 6702 8077 6640 338 1203 3764 4471 6276 1306 4219 3454 1951 
12751 2820 5765 2574 3600 7063 6341 8357 43 6832 310 4411 5057 5317 1350 7625 202 6732 9297 8789 608 2146 6374 1515 4206 3317 
12752 5184 7424 386 9862 9542 5447 9376 6322 7896 5586 5619 2231 56 3673 3515 4573 3166 8033 
12753 3908 3877 6471 3592 2057 3602 366 273 1426 6072 9780 8213 7049 3416 5209 9464 4645 
12754 9987 6148 6249 8401 3747 6805 
12757 4905 8703 
12758 1104 
12759 5285 2185 5579 8624 5970 6330 
12760 3945 2610 8083 2476 8427 
12761 6593 7458 7939 644 423 6952 5324 5675 1516 2831 4754 3091 276 7806 5430 7032 2618 382 
12762 2816 2691 396 1809 4501 2588 163 4521 8236 4019 5962 8766 8770 7498 2772 85 2902 353 7398 8381 368 504 1531 
12763 4 7942 6282 9492 8727 669 4643 5541 2221 5814 569 3935 7996 6205 7234 8138 2635 4558 2394 475 6239 103 3819 4469 3197 
12764 4612 6277 2182 8591 4626 2963 5656 3744 9251 3236 1192 2985 3499 1326 1722 6331 2112 5072 985 8541 1503 9697 4840 5482 2160 7674 1147 4733 6527 
12765 9442 9316 6278 9199 4040 5580 6807 2220 1903 80 4530 8725 1335 4495 4383 
12770 8949 3583 
12771 1056 3212 
12772 9549 3995 965 7501 559 
12773 1248 997 4461 8365 5008 6965 1846 
12774 5632 9998 7269 9606 3438 4785 3732 9109 5752 6812 8549 
12775 1345 5739 5989 8202 2571 5423 1619 4884 9647 6806 6715 1213 9093 
12776 2176 6598 2822 327 9769 8669 1263 7984 3729 2258 5300 6966 8312 5690 7388 7933 
12777 5794 9609 7928 2616 9594 8411 8056 286 3231 
12778 1979 9198 7750 3335 
12784 8369 
12785 7696 1525 7406 
12786 9999 7137 8875 326 5207 
12787 7281 322 2450 2741 
12788 6597 1224 2921 8971 6870 7486 9061 
12789 4992 8068 1640 7435 6445 6920 3473 7700 6462 2623 
12790 2441 7020 
12796 6069 
12797 538 
12798 9253 
12799 7465 5331 9358 6231 
12800 200 3472 9750 
12801 7898 4983 
12802 8542 4414 
12810 3331 
12812 2708 
12829 2122 
12833 3151 
12834 7493 
12841 2917 
12842 5753 2780 6337 
12843 1937 954 4246 3006 
12844 9022 
12845 6107 6292 4621 4359 
12846 9193 5514 4854 
12847 1033 
12854 7809 6926 
12855 771 6809 243 6469 
12856 2745 5388 2150 6161 
12857 1921 3147 3035 2540 
12858 1706 4597 1590 
12859 5480 7724 9957 
12860 4043 2796 
12862 8667 
12865 2882 4341 751 
12866 4048 6476 4429 
12867 7985 114 
12868 6883 8005 593 2452 1817 4764 
12869 6113 1667 8710 6951 3977 1770 8272 3223 952 5818 7068 2878 
12870 6369 677 2054 6184 4970 7688 2356 217 7455 
12871 1656 9169 358 4463 
12872 9936 7411 7892 5223 
12873 5312 4743 
12874 3114 3012 8765 
12877 7585 5076 
12878 2137 3290 8977 
12879 7394 2276 1189 5318 9393 2797 2449 729 7548 
12880 9754 8868 3591 2216 5865 7884 302 852 9545 1114 1116 1661 
12881 5157 4295 5384 3019 6286 7647 
12882 1347 2949 4071 7404 995 7093 5109 
12883 6466 9675 2198 3563 9202 1844 2806 7255 2844 
12884 66 5862 5799 4745 9927 2227 5684 8919 2808 9086 7967 
12885 1242 6079 8502 1871 
12886 1370 9562 
12887 5254 
12890 8207 2625 6459 6757 7773 
12891 6980 8007 5672 2415 4412 1407 
12892 4710 275 9527 5368 2716 9310 5951 
12893 738 6755 2597 7371 7266 4494 9778 5687 6397 4990 
12894 4706 1284 9989 4647 9410 3755 2893 7949 9698 9557 6454 344 953 2590 
12895 9185 2563 390 3174 7196 4604 4023 5990 6767 5567 8688 4561 5503 9176 1461 2167 8567 3227 1532 4117 
12896 4704 4067 5284 5829 9629 2033 9110 696 3225 8635 3453 
12897 6370 4036 4486 3208 5711 8402 755 9939 6679 568 6618 3420 2846 
12898 2569 4172 5261 2670 5298 1364 5461 6485 
12901 6185 
12903 3882 6572 3581 
12904 2696 3301 6293 
12905 2491 1380 8934 9517 4253 4822 7588 8506 955 7101 
12906 3424 2689 1410 8611 2916 5734 7817 9474 7533 8174 1872 8803 2101 8182 151 9988 6745 9171 8958 2527 
12907 3328 3329 6306 4579 4580 5462 6857 1258 9602 5198 2255 48 4531 3957 342 94 
12908 3123 7426 9508 8086 1031 3304 4554 139 8290 3344 5777 2771 6388 3318 6007 6905 4929 9117 734 
12909 3138 5635 932 1990 8871 1578 4715 748 9614 3955 4596 9974 9687 4986 6746 4254 7295 
12910 1624 6291 1020 485 
12914 6207 
12915 681 
12916 6301 
12917 6435 4325 2001 6508 332 1009 6930 5589 5499 
12918 9962 539 
12919 6497 9349 199 5225 8359 7407 1040 7155 8853 7471 6750 799 
12920 8896 5296 5073 3336 7676 2314 2860 4270 47 3984 4881 2322 1883 4892 
12921 3043 2053 1862 6985 4876 4077 2637 5590 7771 8861 3103 
12922 5600 6855 4457 684 9586 8046 3024 6898 3548 3390 
12923 7019 
12929 8530 1309 7863 
12930 6777 966 822 
12931 2968 4569 9187 5780 7496 
12932 960 3617 6018 2439 3624 4061 7744 2617 1695 3997 2847 
12933 2529 9089 8169 6990 5231 9105 7927 1404 
12934 9441 4139 8108 4590 
12941 9457 8055 
12942 3805 
12943 98 6629 
12944 9834 
12945 1833 1818 4587 2633 
12946 4175 
12957 4668 
12975 2974 
12977 6780 1790 
12987 3777 
12988 9386 
12991 2931 
12997 3080 
12998 3171 
13000 8429 9887 
13002 2930 9691 6396 
13005 8186 
13009 3776 
13010 6982 
13012 3083 
13013 2850 1798 
13015 3590 3434 946 4245 379 4181 
13016 3235 1933 
13018 7672 2891 
13019 7610 
13021 8908 
13022 7920 
13023 488 5697 6680 
13024 5505 7673 
13025 2960 5947 1614 
13026 4250 1863 
13027 961 8036 4870 6862 9616 7096 7922 1333 3384 863 
13028 8497 8362 8177 6035 7256 2841 2011 8191 
13029 5891 6851 
13030 2561 
13035 1 1011 956 
13036 4738 8234 3534 6992 8242 9646 
13037 8944 9880 7852 2118 8311 
13038 2148 5160 2807 1708 1965 6481 9302 5335 8232 
13039 4032 1168 6377 7981 655 144 6544 6227 9844 9942 3071 
13040 2952 76 2989 4238 7661 5009 724 6152 7770 8988 
13041 9104 1540 1141 4887 
13042 6000 9748 
13043 320 
13047 4290 4155 
13048 580 
13049 1753 6211 3771 9963 
13050 1984 3275 3525 3467 1292 9811 1718 7992 7579 
13051 6977 6724 5414 489 2867 2707 
13052 1091 2790 5167 7152 9842 2868 7029 7484 
13053 482 4931 1956 1301 4766 
13054 4310 
13055 5367 
13059 5993 
13060 3914 3555 6773 
13061 3402 9311 
13062 9677 
13063 9856 726 1615 5906 950 4823 5337 860 
13064 3640 529 6570 605 
13065 9699 6885 4748 5357 783 7475 
13066 816 6592 9546 8945 
13067 2594 5884 9262 3102 
13074 8203 
13076 1337 6531 5873 
13077 7293 
13078 2170 7867 
13087 8562 
13089 8006 118 
13091 9674 
13144 7208 9209 
13149 2088 
13156 6768 
13157 3346 
13158 6399 
13159 6400 2123 
13160 4608 
13161 3494 
13166 8711 
13168 8126 
13170 4081 
13171 9017 501 3533 
13172 8260 
13174 5746 
13180 1629 
13182 4354 8887 
13183 1577 290 8746 4694 
13184 8965 3823 
13185 7362 
13186 6209 
13191 6811 
13193 9162 7590 3614 
13194 6384 115 7571 1134 
13195 7386 7668 
13196 3580 9860 9132 180 
13197 4408 4050 5540 7839 
13199 6758 
13204 7476 
13205 409 
13208 3242 
13209 7774 455 
13210 584 
13218 7502 
13221 5165 
13230 5084 
13232 2628 
13288 853 
13293 3038 
13301 3508 
13325 9480 
13326 5038 
13329 77 
13338 7837 
13339 4106 
13341 7074 
13349 8026 
13351 5841 
13353 989 
13457 1759 
13875 4247 
13876 7637 
13887 8689 
13889 9011 
13903 8523 
13940 305 
13981 9524 
13993 1931 
14006 2502 
14008 1140 3934 
14018 9136 68 
14020 3037 
14021 8507 
14022 2284 
14025 1467 
14030 5864 6580 
14031 1655 
14032 1096 
14033 4404 
14034 1238 
14035 265 1849 
14045 4145 2250 3244 63 
14047 5288 8785 8543 
14048 7657 1915 
14055 8121 
14056 2414 5719 
14057 8266 533 
14058 2304 4152 7133 7838 8673 
14059 8892 
14061 6764 
14069 7679 
14072 8384 1239 
14073 7466 
14086 5647 
14109 3005 
14126 9839 
14137 5327 4951 
14138 9858 
14139 4553 1869 
14140 4042 
14141 9083 2939 563 
14142 2604 
14144 3795 
14149 2912 
14150 4720 7793 6067 
14151 3968 9537 
14152 2084 9581 
14153 5033 8513 2287 
14154 4968 8096 2398 
14156 1382 
14163 5848 
14164 7856 1331 3270 79 
14165 6272 7879 3944 8368 2609 9339 5087 
14166 5523 829 
14167 8347 3638 
14168 9871 6716 7615 
14173 762 
14174 9013 
14175 7227 7693 
14176 1432 2121 8018 4513 
14177 9355 4446 1887 
14178 8682 1118 2046 8248 4891 9598 
14179 8544 6970 1052 6541 1719 
14180 8394 6254 1526 
14181 5161 1079 
14186 6269 4111 
14187 5352 2332 
14188 6546 4003 9810 9087 
14189 129 5442 9830 4614 9319 6328 6268 223 
14190 3425 7515 9164 7611 
14191 2608 4392 1264 6706 5876 4989 
14192 3840 1683 4229 2990 8637 
14193 8039 1663 
14197 2470 
14198 6841 
14199 6950 
14200 6673 9148 1813 2022 
14201 2659 1094 5983 
14202 3440 1717 7125 
14203 9058 2774 7370 4497 2163 6262 8666 
14204 625 3285 3461 
14205 5925 7718 8777 3340 4559 2743 
14209 2795 
14212 5354 239 
14213 9320 6916 7973 2430 
14214 6796 
14215 897 1413 1670 4097 4649 5707 3278 9589 9150 8799 
14216 7290 5555 612 
14217 8595 8149 
14218 8870 9191 
14225 8792 835 
14226 9216 8850 9771 
14227 9449 5236 
14228 378 5819 254 
14229 1026 
14238 4331 
14239 6363 
14257 6785 
14258 9786 
14259 7518 
14269 2257 
14271 1601 971 
14272 159 
14281 2784 9878 
14282 2130 7283 
14283 1740 9620 876 
14284 5088 7665 6250 6901 
14285 9141 6878 
14288 224 1163 
14294 6988 4116 
14295 8474 894 4327 
14296 19 4397 6342 
14297 8593 5731 1940 774 
14298 1924 2918 5867 6643 5815 9758 3327 
14300 1626 4611 
14305 6265 
14306 7448 4739 5302 8151 
14307 6744 3651 7780 4349 9255 
14308 7307 6283 3724 8270 2290 7829 348 
14309 4928 6619 6662 8525 3022 531 1367 2139 2524 
14310 8961 5062 4454 9857 
14311 8419 1580 2701 3697 5977 5502 
14312 4940 3356 
14313 152 1400 7139 2600 
14317 7250 167 
14318 4083 8323 7461 
14319 1057 4168 3369 3498 7151 7792 9384 1780 2313 602 
14320 9024 1475 9380 1925 8877 5006 1652 5658 
14321 6816 9184 5154 4010 2283 8952 3088 2769 2453 2264 6937 3546 4699 1599 
14322 2843 9125 4620 2092 813 3759 6769 8739 5304 1051 572 1791 2111 
14323 8514 5060 2164 4533 6266 6847 
14324 1664 9828 7272 5933 1746 4499 9365 9626 9596 
14325 6902 5191 
14326 8594 
14329 447 
14330 4200 4538 8395 8878 
14331 4455 4458 3500 3665 1210 28 6430 
14332 8073 8145 2091 5701 7413 
14333 1730 9259 457 5035 686 5330 7987 5801 7259 4702 831 
14334 4368 4642 7331 5622 1735 3655 7277 4847 2768 914 9539 1013 1558 6704 7958 3065 7841 6908 6366 
14335 5732 2876 1610 9111 5682 3731 8085 470 23 5321 3932 5054 7519 
14336 9463 9286 5127 2856 5226 9323 4656 721 372 7445 8729 4153 1821 8618 
14337 6480 1864 432 9672 7000 5083 
14338 6257 5774 
14343 6080 7728 9612 2684 7278 
14344 1594 9931 5358 
14345 2082 4006 4874 7887 8377 4157 
14346 9235 8833 4867 1508 1190 5767 7464 7824 6099 8835 5749 9846 5495 
14347 7952 9167 8065 3016 3595 4431 464 9256 6939 2781 926 
14348 800 5216 3074 963 324 8326 6465 6028 2218 7783 1356 3245 1679 5240 1428 3989 6102 6753 2872 3930 5692 
14349 4451 9604 6602 7756 4627 4628 4340 6942 
14350 4746 
14356 4737 9707 2252 
14357 3561 5823 9092 5489 
14358 9952 7207 2908 9642 5614 4591 2105 6204 
14359 8482 1700 6247 6536 9099 6861 9775 7504 3410 9363 6004 948 1787 9340 6493 4959 
14360 1349 5702 6695 6694 1197 7442 564 1528 1977 571 4286 
14361 8744 8363 7720 2232 6457 9595 
14362 9019 7375 2285 1399 
14368 1170 2471 
14369 5017 7535 
14370 2008 2345 3727 
14371 4801 9490 6225 9458 376 2941 1215 
14372 9379 9701 1478 6700 1905 2296 
14373 3015 
14374 2382 
14379 1537 
14381 1636 
14383 9331 
14384 2925 7677 
14385 1041 4914 3620 
14386 730 62 
14401 9773 
14413 1329 
14414 8322 
14416 9021 
14417 5659 
14427 7078 
14428 7387 4021 
14429 3422 
14430 713 2965 
14432 1810 
14438 2848 3428 
14439 3201 8330 1485 
14440 1772 1069 4208 465 4789 3766 
14441 6969 9066 
14442 9668 4552 1387 6892 6065 2615 4184 2583 
14443 9882 
14444 5121 1394 1487 982 1159 
14449 7600 1188 8886 
14450 3113 3511 9267 4350 4439 7902 
14451 1429 4182 
14452 384 1315 1751 6733 3252 4535 3896 9081 
14453 5542 9965 8433 660 2581 8281 2109 9726 
14454 2018 8165 2955 8051 4985 4447 
14455 8633 130 3657 177 7753 1625 285 287 
14456 7690 836 9735 4682 9831 8909 7184 7805 3807 
14457 3523 6132 7325 
14462 992 9802 2052 4366 
14463 5024 8832 2094 6642 1014 1783 1434 3228 
14464 9569 101 2342 5620 2770 6868 8599 3481 9855 
14465 96 2977 9702 1831 3852 4144 2801 6838 2489 90 6943 
14466 1477 5319 5800 1865 2713 9146 
14467 4448 8898 3921 2729 5607 13 1201 7285 5110 4765 6783 
14468 576 8726 1254 8907 7180 3373 3343 5587 5908 725 3062 7316 7135 3484 9318 2591 
14469 2845 8938 3663 1457 9399 1053 8318 
14470 7936 9224 
14474 866 1402 413 
14475 6050 452 5991 2537 445 9243 9085 
14476 3760 2473 1547 110 6439 
14477 1538 5316 9285 8774 9201 6632 9452 9165 782 7400 1302 3351 312 921 
14478 4674 4419 6355 4998 6312 9 4426 9651 3357 6032 7816 5443 7238 5909 8758 5463 6995 8511 3676 925 3391 
14479 7561 929 9868 3364 8486 5478 4065 3881 6348 5405 8979 5140 5239 7508 9242 2907 7036 1373 190 
14480 8080 9004 8808 2409 2412 175 848 4945 4729 5563 9374 8223 
14481 9574 7846 903 4969 5966 1362 6871 4858 9535 9818 2367 
14482 8516 3783 1963 3308 2451 6071 61 
14486 9248 166 
14487 2692 2928 4529 9124 7321 155 6492 
14488 7161 9388 
14489 6848 8129 3746 389 8193 5832 9304 3470 8366 8424 5106 4462 6711 5048 7708 7741 
14490 3524 5894 678 4209 9801 8645 8811 8876 5837 4974 3857 8153 5556 990 4663 2468 9454 6845 4094 6869 
14491 3073 649 5516 3855 2962 281 8601 8738 5292 181 2742 777 6976 6345 8526 9295 4051 6119 2152 505 5114 2427 
14492 8224 8256 2852 1541 1542 3943 5007 1616 8946 4244 5141 4055 4474 9980 
14493 6054 7828 3765 9494 6932 6555 
14499 4483 
14500 8583 
14501 8155 5971 5497 4057 59 3011 
14502 6473 1859 1412 
14503 1665 1378 3587 6177 2214 5089 3435 5486 630 9336 8923 6238 
14504 512 6520 354 6532 325 2662 5256 7187 7138 847 4177 4902 472 7215 6108 6461 9984 
14505 1698 1769 3506 7214 6013 4272 3986 5683 7477 253 7058 
14506 6413 7685 
14513 1668 3837 
14514 7721 8194 9114 
14515 8288 4460 6543 2259 7288 1498 3678 
14516 4994 195 7305 3754 779 5666 3118 3547 5595 
14517 5997 4886 6997 
14518 8620 2773 9471 
14525 6025 9140 
14526 6048 
14527 401 3387 5950 
14528 8556 4101 
14560 7150 
14563 9875 
14570 7754 6791 
14571 8854 
14572 1436 
14573 3538 
14581 4707 4963 9741 3078 
14582 1458 4971 
14583 3649 3578 2043 
14584 4536 7831 
14585 2403 668 
14586 5569 2090 5163 148 2310 
14588 986 9067 
14592 7338 
14593 5939 
14594 8589 5374 9551 
14595 8654 7439 8306 8246 4377 4079 
14596 5863 712 2665 75 1071 3063 4952 2171 2428 7613 
14597 3778 7432 9362 5427 7924 2554 2556 3866 
14598 9499 5425 9954 1019 6230 
14599 150 4653 1200 8118 983 8639 7007 
14600 6284 
14601 8756 4780 
14604 1728 
14606 7244 5063 
14607 7072 7813 2599 6922 4909 9042 6491 5770 
14608 9752 1653 7149 
14609 9666 931 1062 2281 3639 2905 2363 8414 
14610 8534 1030 8521 9643 8144 5206 9175 4376 6490 4123 1149 
14611 6721 8990 6973 490 4906 2045 5066 7605 666 1386 1406 7743 
14612 5728 1121 4258 6115 8420 9785 1799 5313 141 4085 4567 9369 5949 
14613 2113 7248 5136 7346 2455 9657 5663 
14616 6524 
14619 3072 8275 
14620 5856 5538 
14621 5281 291 8948 8869 8769 
14622 9664 2081 514 3940 2097 6120 7113 9867 9874 1521 2098 7189 567 6910 4255 
14623 4576 9475 7065 2791 3017 6494 8455 5615 3248 8728 1682 6356 3669 1177 2744 1113 7319 252 5918 
14624 7558 9994 3116 3406 8430 5338 9372 30 4575 
14625 5093 4776 42 2156 9101 2390 311 5467 3325 
14626 168 431 
14630 269 
14631 6464 1162 
14632 5536 6803 
14633 2627 357 2886 6503 6229 6105 2650 2460 8093 3967 
14634 4872 3191 8748 7959 8049 8626 6261 6775 7576 6045 6206 
14635 8160 8992 296 5097 7148 4557 6367 1901 6440 7112 5173 8265 2458 3295 9788 3999 
14636 1824 5219 6500 7109 5866 2379 5996 9421 8125 9170 6403 119 2649 3354 3996 5437 6782 5535 
14637 1025 1260 6263 
14638 136 6288 9922 5803 8983 
14639 2200 
14644 1439 
14645 5451 9467 1991 
14646 3879 5353 1453 3699 7546 508 6173 5022 
14647 2503 809 1482 615 6770 5654 6361 
14648 3521 5349 4296 6314 9869 500 698 7930 
14649 4803 7367 5585 3762 2003 9972 4670 2809 795 6077 3134 703 
14650 4204 3269 3982 1943 
14656 9470 
14657 7483 7309 
14658 2782 
14659 8810 4925 
14660 6672 1036 8245 
14661 7785 3715 
14662 883 
14670 7544 
14673 6187 
14685 9915 
14702 7194 
14716 888 
14721 7991 
14727 1920 
14728 2565 
14729 3816 6581 
14731 672 
14737 1483 949 
14739 2728 
14740 5178 
14741 1744 4317 
14742 8446 6029 6510 
14743 3193 7146 3685 
14744 2543 
14745 363 7453 
14751 566 
14752 1962 2668 869 7342 
14753 216 4636 9269 
14754 8872 1089 5916 5985 4673 
14755 4712 5400 9049 7183 
14756 4896 229 9938 8309 7545 5662 
14757 9854 
14758 8480 7740 
14762 2021 
14763 8704 6297 8867 
14764 7249 3907 2799 
14765 8852 3412 
14766 7983 484 933 7110 1447 5686 6221 15 9709 3926 1366 1338 7003 2266 3679 
14767 2192 4480 5260 5872 9103 
14768 97 9955 6244 5162 2765 6670 2387 5811 5557 
14769 2 2184 1218 2005 6487 3513 3708 
14770 4980 
14771 7470 
14774 6424 
14775 4932 
14776 2179 
14777 3313 426 4837 
14778 4060 8034 2612 183 
14779 67 676 73 4202 4726 5885 2879 
14780 1328 1900 2229 1726 
14781 9057 7715 2837 8375 
14782 4716 3951 
14789 7322 4860 621 8830 
14790 7232 7274 6139 
14791 7537 3098 8100 6498 
14792 2817 8610 5517 9817 
14793 4026 1115 8492 2205 
14794 5646 
14795 1805 
14804 6784 5790 2919 
14816 5938 
14818 2657 
14873 9800 
14882 3735 
14884 6053 
14885 3154 
14888 6395 
14895 5151 
14896 288 1166 895 
14897 8343 
14898 1534 
14902 9112 
14909 8731 
14910 5395 
14911 7142 
14912 6164 3187 5924 5235 
14919 2263 
14921 3184 9890 
14924 542 
14935 7409 3075 2076 
14947 7798 
14959 2578 
14994 2425 
15025 6326 
15034 5628 
15082 8171 
15092 4859 
15152 1288 
15628 6830 
15708 1692 
15711 1847 
15746 7629 
15748 6882 
15749 7127 
15751 3067 
15758 5954 
15759 5092 3654 
15762 8286 
15772 3828 
15773 2767 
15775 9063 
15776 3549 5070 
15788 7719 
15789 4387 
15797 7731 
15799 9850 
15800 4148 
15842 20 
15868 440 1811 3588 
15869 7443 8094 
15870 7712 
15877 5432 5915 
15878 6059 
15879 408 8122 
15880 9461 
15883 3797 
15884 7334 
15889 9258 
15890 7088 8701 
15891 4657 4883 3972 
15893 1512 5099 1422 3399 
15894 9496 
15895 2271 
15902 7990 
15903 6087 
15905 9222 554 5650 7124 6422 6009 9658 
15906 1570 2972 
15907 8885 2375 
15913 9206 
15914 8574 
15915 3817 
15916 3104 4396 1830 4167 
15917 6376 4825 8545 
15918 1608 7172 154 1500 2055 
15919 6822 8109 9519 8692 7862 1336 8442 2749 
15920 4571 3077 
15921 1960 
15927 9346 6043 
15928 8540 661 
15930 5861 
15931 521 1686 
15932 203 
15933 3644 
15939 6475 
15940 717 
15942 945 6468 3486 8476 
15943 3366 
15956 6160 
15957 2116 
15997 1985 
15998 1063 
15999 3271 
16009 7016 8928 
16010 6678 
16012 7031 
16013 4299 5175 
16014 7575 
16016 911 
16021 2976 4703 
16022 1105 7899 1493 7977 
16025 9156 6222 
16026 3520 9603 1463 
16027 7745 6052 6359 
16033 6999 3517 2063 
16034 870 
16035 1411 1156 3018 3598 3061 1495 3705 
16036 1714 3701 3974 6653 
16038 7013 6698 6252 2065 7957 9663 5820 4223 
16039 8716 7431 
16040 7552 9261 4543 
16041 6884 8413 
16046 6434 
16047 3312 7122 9108 
16048 7858 499 133 715 
16049 4515 5322 3723 5168 9681 6003 693 6774 1016 7449 8315 9244 2206 
16050 7617 7781 6444 8723 4827 9469 2814 
16051 3493 1126 9897 5550 5203 5559 
16052 9280 2267 6815 
16053 5046 9391 
16059 1112 2339 4316 
16060 6915 2354 763 3677 4135 
16061 8490 2675 492 9815 5055 
16062 1480 6192 2923 9502 495 
16063 7968 7170 2661 5196 8685 9453 3315 8379 6620 8062 
16064 5027 2534 7223 8493 2935 1882 5375 1597 3135 
16065 7524 134 4360 5769 5202 1820 
16066 3962 9579 8298 
16070 9182 
16071 4154 
16072 1092 
16073 7222 
16074 3457 2530 9572 5565 6526 
16075 5706 7038 2230 
16076 796 1294 6259 4757 7516 1054 
16077 1000 1296 1058 8771 
16085 3922 5895 
16086 3716 5959 6061 1938 7764 9879 
16087 6329 6747 2638 1102 5047 
16088 5340 
16089 8095 
16097 2940 
16098 4680 4329 9308 
16099 2959 
16101 2040 3800 9359 
16108 1936 
16110 8963 
16112 4880 
16114 8205 
16140 9020 
16142 8110 
16145 5914 
16153 8970 5436 2517 
16156 4174 7599 
16159 5043 
16167 2438 7463 
16168 3466 7383 4878 9911 4024 1081 
16169 4160 2125 4125 
16170 7237 230 5879 
16171 4320 6664 2419 7640 7909 
16172 3952 4066 
16177 1880 1841 
16178 1344 3338 8063 
16179 8449 5606 5289 7242 565 7800 
16180 2201 2306 9314 7550 3606 
16181 3264 5426 22 
16182 1752 1257 7263 1644 6383 
16183 8385 4813 
16184 2786 5956 9928 5802 4779 7821 
16190 2224 
16191 5736 9188 1845 
16192 6308 7236 4490 3693 1785 6234 
16193 7489 706 3656 2924 4752 8914 2270 9048 4987 8028 2558 
16194 8035 9417 4087 5362 7732 4503 2620 
16195 3537 9770 4481 
16196 9115 2885 5029 
16197 2672 8259 6651 4029 
16203 2913 314 7969 
16204 1642 8324 
16205 3529 4107 4943 6415 5718 6089 5784 463 1183 
16206 4226 3272 4875 8418 7240 6837 8566 3871 3125 
16207 3712 1314 7017 6936 4815 9904 113 405 1334 4216 
16208 2634 1518 4976 4374 1816 8794 2971 
16209 2464 5345 2410 3565 9071 
16210 6142 
16213 1666 
16215 7130 3749 
16217 9889 9899 6686 2110 9263 
16218 8146 7636 4749 8079 
16219 7302 9133 7001 3897 5148 8061 
16220 7392 259 293 39 6728 3306 8328 2915 2580 3542 1271 478 
16221 5096 9823 221 7366 1983 
16222 552 7543 7079 
16223 5025 
16228 2632 
16229 2568 7707 6972 
16230 2064 5034 5827 4518 
16231 6624 5413 6571 1492 2297 8123 
16232 4280 2821 8679 
16233 8399 4124 2309 3383 
16234 3490 
16241 6890 
16242 6556 
16243 3948 
16244 9392 757 
16256 3671 
16269 3124 
16288 4173 
16298 4843 
16300 7199 
16302 7697 
16303 2225 
16310 7226 
16311 6835 3605 
16312 7129 6906 
16313 648 9364 2948 7141 
16314 9032 628 
16315 3145 3447 
16316 5636 
16322 7044 
16323 6233 5247 1471 
16324 2658 9207 
16325 2301 
16326 6595 1445 232 1391 1456 1756 
16327 4241 1165 
16328 3381 
16334 3287 
16335 8416 257 4356 6215 2408 618 589 272 
16336 6579 7446 7359 
16337 8023 3307 4324 8630 5487 
16338 5056 873 7174 1911 
16339 5889 1227 8918 9559 794 7034 
16340 6944 6737 5255 7907 3743 
16341 1377 6055 9084 3909 4137 
16347 1955 8902 
16348 1507 238 
16349 8320 7083 7911 9799 587 4334 976 5783 6267 
16350 1568 9792 4807 5929 5484 2739 5492 4375 8671 
16351 5944 2401 2602 8763 9532 
16352 5122 6275 3429 8198 1546 9933 5776 5524 6587 8325 
16353 8597 
16357 9634 
16359 2644 
16360 4232 5347 
16361 7361 8969 2380 7717 8215 
16362 5144 4709 6743 
16363 1080 5249 300 2261 
16364 1945 6875 5982 662 
16365 745 3632 2418 5845 5272 4509 
16367 2987 
16372 5775 
16373 4211 
16374 6360 5733 1854 
16375 4313 1803 6372 9511 
16376 2352 4824 7011 9423 
16377 8280 6867 6126 
16378 5080 9334 
16385 9233 
16387 3309 
16388 5981 
16389 4910 
16401 5147 
16444 1153 3787 
16455 3009 
16457 1128 
16458 9232 
16459 2208 861 1469 
16460 7963 
16469 1986 
16471 7807 
16472 176 7739 
16478 1131 
16480 4693 5183 
16481 728 4402 3637 
16482 904 
16483 2724 8823 
16484 2832 1585 9833 2190 543 
16485 3557 
16490 8968 1101 
16491 5250 
16493 8475 5515 8436 
16494 1994 2127 6717 2870 1175 
16497 7655 
16498 7752 
16501 8844 
16504 882 8782 
16506 3082 7795 
16507 2840 651 671 
16508 3633 410 8238 6321 
16509 337 5612 2317 5415 
16510 9505 653 
16516 7360 
16518 6650 6243 
16519 8230 
16520 5378 1181 
16522 4583 
16528 519 
16530 3333 
16532 3573 
16541 785 
16603 5371 
16604 9731 
16615 2141 
16629 6710 
16638 643 
16639 7076 
16640 536 5931 
16649 9227 
16650 4427 6956 
16652 8796 7639 
16653 5645 
16676 9426 
16770 4218 1158 
16798 4440 
17464 5554 
17473 975 
17478 4304 
17491 9976 2222 
17502 219 
17503 6636 
17511 7592 
17528 5075 
17594 5716 
17608 437 
17618 517 
17620 4560 8069 
17633 7883 
17635 8607 
17636 3432 
17637 7364 
17642 2048 
17644 6182 
17645 5730 1659 
17647 562 
17648 4926 
17659 5549 
17660 930 4044 
17670 4681 7601 
17724 3443 
17729 4088 
17741 7915 
17752 5238 
17753 4577 
17754 5116 
17755 5259 6390 7103 
17763 3437 
17764 3488 9650 
17765 8336 9947 9613 
17766 7154 5946 2756 6789 
17767 6656 6011 
17769 2651 
17776 1272 8532 
17777 3827 
17778 5787 
17779 6625 
17781 5805 9447 
17786 3433 
17789 1707 
17790 9289 2340 3262 
17791 5850 
17792 8721 1687 
17803 6690 7612 
17804 7280 8686 
17805 2800 5858 1755 
17811 3950 
17813 7659 
17814 4409 
17815 105 9433 
17816 9715 
17828 1437 
17884 7876 
17887 2333 
17892 1676 
17895 4273 5137 
17897 9841 7287 
17898 7171 1476 9142 
17899 9455 
17905 3998 
17907 1602 7186 
17908 3510 
17909 3294 
17910 6684 
17911 656 1928 4808 
17912 1523 4742 
17918 5995 
17920 1078 
17921 7373 
17922 4191 
17924 2435 4215 
17925 3310 
17932 837 
17933 9593 2151 
17934 8962 
17935 8396 
17936 1237 2654 
17937 3978 331 3636 
17938 7512 
17944 5838 
17945 5149 9118 
17946 585 4762 3419 
17947 7144 2067 3068 
17948 4143 
17950 6256 
17957 1504 
17959 1072 1133 
17960 9481 3330 
17969 2810 
18040 8554 
18052 4361 
18054 2693 
18055 9635 
18056 803 8030 
18064 5146 
18065 5890 
18066 6825 758 
18069 9491 
18076 5464 7339 884 117 
18077 7303 
18078 3621 
18079 3081 6658 
18080 5224 7616 
18088 8488 
18090 1282 8899 
18091 1146 407 
18101 754 
18104 2779 2783 
18106 2388 
18113 4763 
18184 8387 
18186 3293 5205 
18200 3341 
18201 5386 
18207 761 
18208 7802 
18209 1734 
18211 27 1623 
18213 987 
18221 2914 
18222 9849 6458 
18224 1142 
18245 6443 
18250 3108 
18257 8321 
18326 446 
18498 6641 
19073 8002 
19180 1460 
19255 7865 
19323 9477 
19335 4162 
19347 86 
19348 4772 
19352 428 
19362 9611 
19374 1027 
19491 1083 
19506 9051 
19518 2539 
19522 3146 
19640 443 
19687 6186 
19793 6188 
19807 7403 
19913 8268 
19950 6709 
