8736 4554 11102 9307 6101 942 
9632 9727 11391 5947 9448 6570 
546 11047 11090 5812 6150 4566 
9387 15066 13121 4096 7697 6116 
900 13047 16287 14620 9244 4087 
9478 16359 14270 12906 9125 4711 
936 4274 16142 13304 4121 4592 
5372 10889 17569 5932 6127 4566 
1930 7720 12819 7672 4280 2984 
8715 7759 9361 3942 8309 4529 
7468 16076 10947 5647 7877 6558 
4493 9882 12698 10973 9425 2539 
6030 9740 11102 7542 8007 6523 
8975 13049 12975 4531 8153 5992 
5648 5597 14689 2332 4562 4843 
3253 13481 11088 7229 8033 6148 
9948 13194 7215 12593 7731 6425 
2172 12903 12976 5535 9146 6404 
1501 13196 11104 16746 13050 6135 
3358 11310 15998 13160 4505 4686 
8991 3964 9088 4097 4408 6402 
