3908 12867 14692 11154 3697 6126 
3877 9581 9230 4253 2967 6259 
6471 15077 12529 6087 9750 2392 
3592 11046 8941 11152 6256 4988 
2057 5839 10971 14610 6127 4409 
3602 6125 17714 9127 8009 4857 
366 6123 12829 14897 2356 2383 
273 13468 14284 19806 12282 4277 
1426 8166 7358 9389 6017 4576 
6072 9450 11088 4059 2955 2358 
9780 9593 11417 9580 9267 4398 
8213 14921 7491 5815 9147 2800 
7049 11061 12410 11142 6402 3965 
3416 9317 16275 9234 11320 6582 
5209 5991 14268 9557 2514 6425 
9464 11429 12844 13195 7385 3977 
4645 7575 14704 9567 4241 6259 
