6921 7722 11102 12712 8154 6281 
6798 11347 7647 7387 11478 2837 
2336 2090 10802 5646 2055 343 
1319 9860 15997 5799 9618 6148 
4524 7985 14836 7694 9029 2827 
8751 7723 12816 4060 4549 4520 
7730 7748 9217 5788 5993 6270 
2484 13052 9505 10695 7986 4519 
7350 16371 14428 9590 8980 4257 
1972 7713 12564 7698 8008 6294 
8378 4134 9217 3927 6004 6294 
1988 6004 10673 7842 2680 4567 
3536 9774 8932 1938 9569 4685 
8913 9305 12855 4119 6027 6414 
84 9725 14558 9438 4252 2850 
5214 9606 10683 9426 6247 2407 
1256 16338 14704 9424 9725 4424 
5671 7867 12530 7551 4421 4157 
9073 4266 14439 9402 9268 6427 
3442 11212 12830 14461 6283 2838 
9205 16937 7803 5825 12893 2839 
7932 2117 7489 5475 4697 6267 
