5506 7412 12843 9413 9558 4521 
1169 9583 12555 9269 11467 4578 
1646 11608 9085 9424 5981 2537 
3094 11716 13013 14624 9163 2539 
1317 8012 12528 14308 7711 4385 
8102 11574 9520 13038 7531 2514 
4904 7732 19454 7550 7720 6429 
1068 4242 11090 5524 8129 6403 
5808 9450 12700 7408 11310 6429 
6194 13048 16443 13027 10864 6439 
4276 8311 11102 497 6243 4796 
821 14755 14270 11271 9725 4577 
4800 11348 15843 7542 6271 4855 
1861 5992 14283 9558 9569 6582 
5703 7742 12673 5969 6112 6571 
9186 7863 16143 2656 9426 6128 
5715 7865 14426 9556 10017 4864 
7642 7302 12817 7972 2981 4556 
994 14476 9652 11298 9149 5971 
7395 14911 9379 13013 14610 6126 
4196 14934 15999 9279 7844 4423 
2798 7879 9507 7809 7722 2705 
7549 14465 17895 9726 3821 6021 
7412 5995 12673 9404 2969 6126 
3963 14895 14548 13025 10826 2801 
6781 13048 12701 14622 7578 4711 
