5253 13315 12389 7397 6247 6280 
2825 5994 5761 12699 4575 4393 
6154 11597 14560 11320 8967 2248 
2705 16361 7802 9137 11333 6583 
2325 8035 13105 2778 7864 4398 
5912 7839 10803 11155 6208 6402 
2074 16937 10946 9292 9435 2644 
4381 11155 7672 13193 11142 2093 
3878 14635 11234 9126 9423 928 
9949 11481 12819 7841 6258 4554 
6578 5874 8929 12581 6111 4650 
436 4386 12384 4075 4553 4419 
8713 5982 6206 5934 7983 4529 
9401 14622 14428 9554 11034 2572 
9659 15079 10801 5944 8166 6403 
7106 8286 9387 9449 3978 6150 
9926 9413 18003 13159 6087 6127 
9676 11035 9217 4208 6268 4265 
8797 7842 10815 9569 14500 6726 
9712 11203 10657 3807 6662 641 
1010 6449 14703 11416 7553 1530 
7796 14897 14138 7806 7599 6581 
889 11323 11236 2360 9294 2697 
5115 5850 7488 3927 4263 4109 
3836 9570 12674 5970 5848 4411 
