34 12906 14453 16228 11045 4567 
2966 9318 15879 11153 9582 6436 
8454 9846 12821 11153 5839 6306 
680 6103 9242 16482 7984 4433 
4009 9306 12830 11033 7434 966 
5459 7722 11102 7998 4780 4720 
2892 13458 12676 9702 10997 812 
7341 5827 8930 5815 2526 4252 
5839 9316 16130 4374 6137 6285 
6024 18474 13145 16626 10854 6272 
2642 7985 12677 14740 9606 4709 
3251 11426 7492 16349 5406 4002 
2102 11453 11260 13051 8993 4279 
3831 11403 9291 16902 10565 2382 
9720 13028 11286 14923 11129 2346 
2362 11622 16152 4242 9268 4245 
8467 13192 11236 10856 8982 4267 
7660 11466 12832 6075 10049 6391 
4275 15054 10972 13182 12989 508 
