576 9724 12977 2237 7252 6082 
8726 13289 14704 11312 5800 2368 
1254 13048 16276 12882 6247 4265 
8907 7961 9532 12881 12561 4089 
7180 14935 10813 9412 6424 6558 
3373 16180 10958 16482 7553 6161 
3343 7888 12817 11427 6138 2536 
5587 7697 16430 4386 9461 3138 
5908 14474 16322 11608 6962 487 
725 13075 9219 7818 9854 4374 
3062 11150 16443 11190 3771 4075 
7316 9306 10800 9428 2227 6150 
7135 9605 15853 11309 7697 6581 
3484 13025 12974 8430 9111 4685 
9318 9694 9517 9401 9606 6006 
2591 11573 7551 12893 9416 2211 
