5747 5549 12817 9245 7707 6091 
3670 11021 16417 7829 7394 6128 
6022 8156 12673 10985 6017 6297 
4199 13193 9234 12740 9461 4708 
6472 7580 4177 197 4528 6103 
1514 12884 19470 14779 9424 4557 
9027 3834 14256 7674 4685 4710 
7323 5982 15998 14752 6258 2983 
526 11288 7344 14297 4254 4422 
2525 11204 11233 2227 7743 6272 
6447 12914 12529 9139 5852 4735 
1779 4122 14859 13023 9591 6307 
3540 14645 10946 4230 8008 6283 
1174 9340 11088 7830 4394 2839 
8724 9412 10814 13014 7566 2572 
5274 7158 10803 12711 4540 6305 
4955 9449 11246 9115 9389 3942 
1194 12461 12831 12868 5982 6295 
