6021 14634 11415 13157 11322 6138 
8350 6163 11236 5516 4562 6401 
9120 11310 14270 7696 5968 6570 
811 13339 9218 5957 7723 4724 
5807 16650 12819 7530 9410 4377 
7091 9186 9519 1914 7850 4518 
1982 11502 12830 6245 9399 4280 
9760 9895 14558 7373 11011 6008 
842 4565 9217 2360 4671 2490 
718 8021 10837 7839 5859 6269 
4817 14765 7647 16219 7710 2551 
7374 11324 11232 4098 4542 6284 
5980 7721 11233 12860 7828 6125 
7008 16626 11248 4081 11175 4386 
3169 11479 8929 2504 6138 4540 
4578 5994 11247 2503 9160 6679 
9700 13063 12675 10901 7687 787 
7271 6138 14691 3772 5979 6690 
3567 8155 14124 9114 6113 6281 
3574 5849 12674 10542 6436 6415 
4347 11309 11104 10995 11442 4254 
1277 11453 8957 7431 7445 6281 
