7376 5719 10658 3967 6090 497 
2115 11203 10801 9392 6114 2526 
7300 9881 14690 11117 7564 4579 
1093 9738 7490 14898 7746 5848 
1959 6714 12829 9703 7557 4133 
328 8010 12963 652 5993 2959 
8515 4109 12541 13313 2251 2382 
267 8010 10657 7556 5994 5993 
6317 14619 11285 13062 3941 669 
8496 8130 14272 5838 4687 6114 
5232 13070 12820 9126 7550 4411 
5315 11324 9219 4110 5980 6125 
277 11032 9504 9427 5846 2527 
3799 9305 9662 9292 9751 4542 
9743 4423 15999 9428 9572 6163 
3514 15221 11090 9855 9292 4542 
347 14644 14451 13011 11307 4553 
7645 11359 5341 9271 6126 3113 
7070 16529 9112 17935 10566 498 
