3073 18063 11105 11000 7359 2081 
649 11309 12817 7853 7700 4147 
5516 9294 9663 6091 8030 6268 
3855 8011 12819 5981 7972 4122 
2962 16401 9243 7710 10156 2658 
281 11873 13120 7554 10995 501 
8601 7840 12554 13026 5813 2692 
8738 13461 7371 7864 11282 4249 
5292 16531 9651 9270 6270 2817 
181 11466 12831 7710 7864 6297 
2742 11177 10816 7412 7241 785 
777 11321 9505 9678 4396 6282 
6976 9462 9230 7987 5957 2970 
6345 11176 12675 9268 7433 4397 
8526 11624 12529 7568 6425 2813 
9295 9471 12962 12724 4541 1267 
4051 13037 9687 14764 9438 2647 
6119 14621 11234 11153 9138 2537 
2152 13182 14439 15185 7687 2824 
505 8130 14269 16337 6125 4554 
5114 16639 10960 4098 13191 6401 
2427 11860 16430 9556 9147 3965 
