449 16670 12987 7722 9170 6440 
4482 13063 12686 2058 6136 2657 
1571 9583 14413 4374 4815 4409 
9636 11199 12977 9399 7590 6307 
1989 5707 14415 4050 6413 4540 
7270 4266 12530 5948 6267 6110 
5761 11297 10826 13302 9594 6450 
5391 9715 15986 4363 7844 2683 
9601 6137 12673 5946 4549 6414 
9368 7856 10681 2488 6316 4674 
8818 7724 9508 5491 10025 4409 
1139 11345 12842 10989 9293 2660 
1077 6523 15998 6102 5979 6414 
1110 9739 12697 5825 6566 2825 
5336 6127 16277 11441 5801 2383 
3865 11142 19601 5981 6099 6258 
9213 13312 14835 12711 7855 2694 
8179 9582 14403 2645 6291 6293 
