2080 9584 14570 2645 9919 4408 
5377 16373 12964 2342 9711 4699 
6601 5970 16431 6089 7888 4556 
6810 12929 5930 7688 9448 4554 
3046 7433 12530 7238 5982 6413 
9543 13167 10805 16467 7530 5558 
8776 3954 14546 7373 7888 4687 
2217 16648 9389 4109 5836 5839 
1674 18783 18041 7863 12268 2658 
6763 11466 7345 14595 5816 4289 
7791 9594 18004 12723 6136 6594 
7430 14189 14402 5955 8138 4686 
1524 10756 10802 7670 6401 6124 
9062 11479 12963 2356 8164 4556 
8470 5840 14546 3928 6303 4821 
5257 9727 12974 3917 9607 3965 
1018 5849 16286 12978 9619 6174 
3835 7567 9219 5513 6149 4444 
3274 7445 12674 2357 2403 4697 
