8160 14908 14403 11034 7528 4689 
8992 11453 11234 13026 7676 369 
296 8298 14546 10998 11165 6558 
5097 11417 12977 9439 5658 510 
7148 16793 10987 11166 8129 4061 
4557 9711 11401 13325 9268 797 
6367 14768 11234 12605 6555 6535 
1901 11597 9410 11322 7699 6161 
6440 7863 14978 7710 7949 642 
7112 12883 13289 14909 5838 4110 
5173 7866 11101 11275 7972 6249 
8265 11335 9438 12616 14466 2380 
2458 9546 14570 9583 6140 2394 
3295 14923 12831 5839 7830 6259 
9788 11621 12582 6403 8967 2213 
3999 7961 7829 14907 7541 2236 
