9804 13349 14705 11019 11308 6404 
6530 7998 12818 7539 4551 6125 
2243 11308 12831 4350 9426 6102 
5846 11320 11094 12871 11284 6426 
2246 9752 10958 6101 11321 4842 
9149 9558 16457 11285 9293 4254 
1868 7852 9085 13001 6306 4266 
2605 7579 7490 7251 6412 4516 
2766 9293 14259 3940 9281 807 
6287 799 9362 9391 4540 4530 
336 9592 14416 9728 5968 4530 
9970 8020 7790 9123 5849 6558 
5525 15065 9506 5979 6434 4397 
182 6139 15997 7988 4662 1099 
9719 8000 16276 7706 6294 2824 
4413 6005 7514 7589 7541 4243 
8702 14767 6100 11153 11286 6090 
