512 9713 12832 9572 10541 4253 
6520 16351 10972 11156 4397 2538 
354 8154 17871 12869 9737 6595 
6532 9329 12424 11455 7842 6425 
325 10039 9219 4361 7718 2803 
2662 11468 8930 5949 5971 2236 
5256 18222 11235 3784 9748 6100 
7187 13155 15988 2526 6976 3844 
7138 14920 16420 7684 7718 5970 
847 4397 12674 12702 4275 4527 
4177 7876 10958 11297 4553 6139 
4902 13324 9087 9258 10577 4373 
472 13193 11235 9833 7564 2548 
7215 11596 9388 12763 6101 4386 
6108 14909 6062 9426 11154 2501 
6461 13303 10984 13014 9439 774 
9984 14502 16432 9413 9437 4410 
