128 4136 9073 7539 3136 6137 
1028 16385 12542 11139 9591 6715 
1420 16492 14546 7396 11176 6572 
2967 18402 14547 4205 9712 6296 
9755 12907 12857 14620 8131 4410 
731 2681 9072 14297 4723 2849 
9774 4124 8929 7238 4567 4552 
8115 16807 16421 7566 9856 4410 
318 16362 14260 3943 6410 6149 
329 13184 10972 4110 6256 6417 
5323 13040 12686 4520 7541 644 
8915 7842 14416 7685 6391 6259 
9686 13049 16131 5645 11308 4386 
2169 13359 11273 8011 10853 4700 
6873 7735 12822 12893 6135 4566 
474 13194 11127 7409 9715 2707 
4059 11046 12687 9546 6127 6282 
7905 10002 16288 6257 9267 6417 
611 8131 12675 4371 10012 6726 
7652 9321 14570 7986 7578 4698 
6002 11440 8010 13325 12436 3820 
5241 6138 13119 9115 7853 4856 
