4368 11164 15734 13051 7551 2802 
4642 15052 9519 11308 13179 6701 
7331 16804 14402 5971 7433 4677 
5622 7853 12989 9848 10999 6296 
1735 13182 11092 11022 9279 5980 
3655 18375 12676 8117 7418 2707 
7277 9714 13108 2658 7698 4533 
4847 9714 9229 13170 7540 507 
2768 11586 7804 5948 9414 3977 
914 14633 14980 7826 9413 4388 
9539 9726 14549 11287 11154 4712 
1013 7878 9218 16484 6102 6114 
1558 11415 12399 13027 5800 2394 
6704 13196 9087 9846 11310 4539 
7958 7985 14453 11323 12568 644 
3065 7757 14690 4085 7696 6272 
7841 9860 10958 14900 8008 4542 
6908 1074 12819 12871 7554 3115 
6366 14791 14403 13182 9173 800 
