9462 13157 16419 2382 5811 6129 
2883 11621 9232 7844 5670 6128 
741 11333 7513 11047 7423 2359 
198 6152 12686 13170 7576 5962 
6961 3967 9230 12737 4278 6269 
6955 11164 11091 11455 5995 2539 
1579 6147 12386 10876 4574 4696 
622 10880 10948 14464 7708 4529 
5519 14805 9087 7695 6292 6147 
9872 7757 14114 9414 7852 6269 
1425 5863 9519 14720 9544 6102 
3698 7544 15985 9258 4121 6151 
9155 9306 9362 7960 7698 2683 
9016 2682 8941 5945 6558 4396 
2678 5981 15844 9415 7433 4143 
632 6140 9505 5932 6113 4109 
9885 7746 14113 9571 2500 6139 
