4576 12738 12818 11298 9426 2539 
9475 2501 12542 13147 2392 2679 
7065 7830 16611 11322 9413 4385 
2791 12869 12973 7841 7530 511 
3017 7865 16274 9162 7528 2527 
6494 9748 5629 7712 5822 4110 
8455 11451 9266 11177 5658 787 
5615 4265 12529 5957 4264 6427 
3248 11321 12866 8022 7648 497 
8728 4373 11378 9114 7563 6285 
1682 9702 12832 10687 9833 4384 
6356 13181 11691 9581 9137 4269 
3669 821 11232 11106 4527 630 
1177 11763 9389 14777 9125 2657 
2744 15054 11116 6269 5970 4398 
1113 11715 14402 5827 10851 4831 
7319 9712 9362 14756 7832 675 
252 6365 11138 13038 7817 509 
5918 11309 9084 7974 4254 2682 
