6877 16755 7518 13192 3784 2512 
5859 11334 12686 7550 7601 6426 
5429 6150 12672 7806 4674 2706 
4838 14621 16130 6113 4398 6402 
3628 11175 16587 11286 10697 4546 
5291 11165 9556 16626 10866 2370 
780 16519 15986 2368 7971 6113 
3405 4432 17857 9557 5836 4555 
2607 15043 14691 12870 11310 4699 
7405 6399 17882 9411 9305 4723 
7746 13375 14692 2212 9975 4377 
1205 4134 14413 11130 6125 4687 
8905 11309 12530 9234 5967 4529 
1946 15211 14415 13013 9294 4842 
6554 10913 7489 11420 4254 2394 
255 13053 9362 4087 8285 6259 
