2176 9429 12819 6100 6017 2827 
6598 11310 14558 5681 11140 4662 
2822 6136 7633 7553 2522 4663 
327 9739 9230 11432 4411 4576 
9769 11188 7346 5812 6157 6281 
8669 10167 12833 12735 7579 940 
1263 8167 9244 7697 9710 905 
7984 11625 9506 5947 4695 5958 
3729 11179 8797 10840 5992 2668 
2258 11189 14546 5957 7560 4532 
5300 11166 11401 13456 11021 4122 
6966 11600 12818 4375 9450 6295 
8312 7722 12567 6270 4541 4411 
5690 8141 12687 9593 9268 2391 
7388 9459 10958 11298 5849 4157 
7933 4257 8940 14596 6569 664 
