3137 9425 14705 4396 4238 6283 
8070 13009 17870 5944 5223 2358 
2024 5864 10944 5500 6259 5982 
6665 9843 16459 14884 8874 2814 
3946 12739 15998 3927 8165 6258 
6827 14479 9508 9125 9306 5996 
6958 5858 14271 11576 4121 6464 
5584 7879 14259 14596 6124 6413 
6193 9450 11102 9557 11298 2560 
3666 10049 14283 14477 7853 6594 
1108 5995 14545 4071 4420 4411 
5333 9738 10682 9113 8141 4398 
9783 4133 12556 10984 6436 6448 
1240 7853 17713 4528 4543 4256 
7402 8179 9372 9112 7995 6270 
3002 8154 12987 14764 7867 2705 
380 11478 9373 3798 6125 6104 
893 11047 17569 5503 6137 4685 
1694 14913 14416 2503 8163 4387 
