4612 13059 12535 6127 3938 2804 
6277 6257 12556 15175 9423 2813 
2182 6284 10656 2202 2763 2475 
8591 13181 9229 7697 7698 6259 
4626 11169 14401 7688 6138 2683 
2963 7710 12387 13016 7565 4265 
5656 4420 9229 11141 3952 4422 
3744 9449 14258 14457 6123 4566 
9251 11609 14718 5993 11006 5959 
3236 7878 7501 7245 6134 2644 
1192 11741 14403 9318 5967 6260 
2985 14884 10948 2633 8980 4085 
3499 14763 14272 5982 5538 4098 
1326 9581 10948 12881 7434 4264 
1722 16611 12700 9738 7253 652 
6331 9746 11236 7973 6268 6704 
2112 11167 14545 5681 6426 2670 
5072 8010 10945 11287 4263 4410 
985 6558 9372 12714 2823 5984 
8541 12872 14114 7530 6162 6271 
1503 4279 7512 9535 4687 2695 
9697 12737 11248 11344 7432 691 
4840 7985 16130 7552 9568 3100 
5482 12928 14560 13170 6136 2994 
2160 15079 10381 9271 5705 6271 
7674 11609 4191 12869 7721 6292 
1147 13468 12544 11164 7541 4552 
4733 15042 7634 7697 5522 628 
6527 9416 9361 12868 7851 6269 
