6017 6137 12529 12412 5970 6294 
6145 7889 12097 651 3963 2379 
2838 9896 12675 7841 7852 2549 
6171 2840 7345 3761 7708 4098 
6953 14789 9364 7241 9592 6283 
8106 11312 9075 11007 6032 4262 
8239 17069 15998 12858 9148 4410 
5940 11189 12543 7964 7997 4592 
7860 9331 9230 6244 6111 4396 
8762 4132 14256 16146 6006 6426 
7748 9475 8943 9123 9867 6232 
973 15224 12541 9436 7553 2381 
1230 14801 12544 16351 11153 954 
3407 14514 12963 8106 7817 3223 
4053 11322 12688 11559 11190 6412 
2134 9448 12533 11297 7851 6126 
4954 11141 16419 9124 7878 4542 
3791 4279 9362 2489 6268 929 
5470 11310 16131 7264 7434 6572 
3680 11168 12724 11140 11177 6260 
5744 6295 7345 5656 7696 6099 
373 10905 10970 9280 7828 4528 
1654 7746 9362 3798 6450 4688 
