3408 16805 11090 11166 7996 4386 
4675 11320 12830 9556 9605 6293 
967 7852 12962 4048 9146 5801 
2440 11453 9505 7541 9569 6114 
9805 9711 9230 10984 5404 651 
720 11323 9517 4108 4842 4410 
145 7888 12674 3783 7876 6304 
7956 9738 12817 5825 6277 6402 
7317 4566 9074 3940 2535 6124 
4793 7701 12556 7406 9472 6278 
9978 9618 12399 7275 2969 4384 
251 11431 10946 11296 4685 2681 
9822 7458 10957 3952 6280 4684 
8253 11285 10961 12738 5871 6256 
8820 7555 14691 4073 2788 642 
3039 9568 18173 7423 9317 2670 
