3648 13195 11104 11155 9834 6138 
8225 11320 9398 12604 9725 4855 
9153 16598 9533 11299 7109 645 
3459 7723 12856 18234 9701 6271 
7620 5980 10670 16505 3810 2693 
2087 4804 12845 9699 11154 6438 
5000 9425 2451 5659 3965 811 
8608 7721 10947 13014 7578 4566 
974 13015 14547 13003 9749 6246 
4527 13302 11128 11598 9281 4411 
8176 14503 13254 12904 11307 2779 
3379 13025 11091 11441 7552 2550 
3316 9556 5473 5787 5646 314 
2645 13338 14284 4267 14165 6116 
8590 9567 9255 14741 5658 2392 
3194 13420 10000 9282 14610 5840 
923 13060 11115 13049 7384 6439 
6495 9555 14874 13181 12727 547 
