8672 9619 12817 2367 7996 6558 
6529 5695 13969 5957 1387 6282 
8187 11452 10802 4074 10577 6424 
6226 12629 14403 7665 5776 4387 
7953 9438 14702 2067 9592 6271 
2023 6114 7201 3914 6137 6099 
9827 9571 11234 5486 8130 5996 
7946 11177 18292 9567 9305 4989 
1067 11612 12557 9125 11597 6413 
5394 523 7201 2186 2679 649 
7312 7721 10947 9256 4133 6282 
5617 9596 14281 7514 9872 4409 
4018 7588 16140 11430 6137 4842 
8707 13459 9362 12869 7733 5838 
7540 3835 10958 9401 6124 6450 
9921 7878 16130 10983 7554 6284 
3803 11477 14415 10996 7671 6103 
3004 7591 7501 3785 8010 6415 
6993 3967 10946 2200 6280 6271 
958 7436 7672 7805 7553 4096 
2431 8009 11089 4216 2679 6292 
