3424 11190 16432 7963 9567 6416 
2689 11454 12531 6244 7838 4672 
1410 11140 11574 9593 7529 341 
8611 9557 12568 13147 7421 2671 
2916 13337 12973 9415 9379 2502 
5734 11452 14560 9436 10995 4410 
7817 11572 14598 13062 7397 955 
9474 18353 13026 13181 9258 654 
7533 4564 14413 9833 7696 4554 
8174 7732 10970 14455 4431 4531 
1872 16482 16576 11451 10850 4398 
8803 14910 12553 13038 5693 2837 
2101 10000 7661 12895 7398 498 
8182 9594 9387 13028 6271 1086 
151 13445 11379 5983 9292 2792 
9988 16648 14847 14464 7866 4435 
6745 11586 12966 7699 7827 5971 
9171 18366 12857 7710 6111 2660 
8958 6148 14547 9450 5982 6428 
2527 7854 10803 5815 9593 6307 
