1217 10876 14560 10973 10865 6594 
8697 12895 13266 7541 12894 6116 
4357 9592 11247 10985 10996 4389 
421 5839 12962 9378 6139 4566 
9483 11300 14546 7517 9736 6426 
3501 13037 11392 7840 9605 4854 
6350 11008 11114 7395 7445 6402 
6189 11011 16287 2514 6125 4555 
6483 7531 15708 5800 2523 6280 
1076 9582 16273 3774 9712 4831 
3801 7865 18303 5799 9547 4833 
3512 11301 10946 5534 9713 6534 
52 5852 12097 3930 6398 6556 
5433 7708 14429 14883 9112 6727 
1853 11333 9677 7707 12858 6294 
927 9304 10958 5946 4228 4855 
