2242 6029 11090 13001 7997 2848 
8836 11024 9386 11154 7900 6424 
3426 9331 10947 7395 6295 4566 
3689 15041 13132 9291 10878 6247 
72 14657 9677 9447 8021 2526 
2274 9595 12529 3796 6426 4385 
4362 8022 12830 2511 8007 4686 
235 16651 7645 4071 6425 6113 
1325 13181 11092 5522 11271 2790 
1519 16794 12829 7820 9687 6282 
5911 7890 12674 2213 7852 6416 
5704 9568 15710 11281 4408 4695 
306 9738 14559 3965 7688 5984 
8627 9689 13108 4505 9858 4398 
2932 4292 10801 11259 4708 4565 
1814 9761 10957 5799 6269 6126 
439 16640 13107 7830 9736 4709 
4667 7591 15984 3914 5979 3114 
5310 7722 12818 13002 5825 4242 
