1505 6244 9246 14525 7374 2358 
3234 6424 11249 12857 9727 6437 
1699 4267 9373 9256 6714 6279 
2020 4398 9986 10002 7975 512 
4582 10156 8966 7302 8969 5959 
1286 6128 12531 9268 9592 4553 
6881 12760 12844 14755 13016 4434 
4617 7734 9388 16052 6005 4423 
138 14923 7490 11286 6148 6437 
7714 12773 13119 14779 9557 6008 
9038 14632 12703 16348 7711 6283 
8560 13327 11104 7696 8130 4531 
9795 11307 11391 10998 7131 4412 
1171 7949 12674 14884 5984 2131 
8228 10010 12701 11443 9088 4255 
6111 11154 10984 13170 9151 655 
8700 13167 10958 14347 3629 53 
8798 13314 12580 7865 6402 4854 
127 11586 11392 14618 11166 6008 
