64 11337 11246 4359 8177 4709 
6146 9307 10958 9834 4422 4576 
5211 7589 9794 9416 7697 6151 
260 14470 7360 3785 8166 5969 
5797 7877 17570 9871 4241 4579 
4134 7614 12542 9403 5992 6283 
2376 5972 12541 11284 7722 6283 
6219 12508 12690 7431 7730 2803 
7547 11415 13288 11473 12461 2263 
5229 12918 18304 5824 5979 4410 
3695 14755 16276 4097 7552 2973 
689 9701 11258 9989 11311 4420 
4594 4241 7358 2058 2667 4277 
1973 13037 16574 9546 5981 6137 
8279 9615 10972 11130 3687 6451 
4539 5713 13118 7492 9746 4578 
8572 4422 16431 7981 9751 6151 
2077 9450 10956 5813 7840 6256 
9983 15027 9256 18220 10540 3942 
