4307 16652 14691 7565 9289 5973 
7812 4277 12963 6100 6425 4407 
4613 14934 16274 5658 9882 966 
1235 6150 12529 7539 4552 4552 
1703 9570 11234 3795 7862 6137 
4936 13049 11234 13001 9268 6440 
7529 5862 9219 7086 7729 2501 
6023 11601 9386 3951 9760 6415 
3180 9595 13983 7697 6270 2837 
2350 11419 11091 2512 5811 510 
8967 9174 11092 5680 4132 4556 
9763 9739 12675 9124 8128 4817 
1395 6248 12254 5655 4290 4826 
5428 7877 9241 2792 5703 4410 
7815 7867 14269 5812 4386 4673 
6134 9892 11382 1898 9556 6232 
2104 6164 12962 3929 6281 6150 
8551 9596 5630 10843 7878 4386 
7067 11454 11247 2227 7550 6105 
5342 4278 11089 5957 4636 4385 
