2720 4291 10946 4098 6256 2370 
2144 18256 7503 13050 7394 4532 
9249 14597 15855 18485 7385 2238 
6128 2683 18148 9126 8272 6415 
9415 2707 10658 10830 4554 4555 
3041 13461 9651 4240 9591 4183 
1001 6138 8930 4049 6004 6401 
3370 11716 12686 10863 7446 6416 
8352 13013 14283 4373 10890 4387 
5932 12907 10513 10865 11584 6402 
7245 9581 12434 11322 7420 2657 
7986 7723 10948 5669 6291 4433 
688 13028 5943 7834 9172 6124 
594 9450 18145 8094 5982 6582 
55 11322 14258 9111 8141 4854 
9851 13002 11271 13471 10853 2381 
2842 11611 13107 5837 9723 4844 
3003 8155 12544 9558 6270 3102 
8976 11298 11246 4371 11462 6389 
6143 12905 9229 12867 7866 6008 
