35 6101 11381 11152 9592 4555 
4132 6017 17737 6114 5681 6440 
8221 14741 12977 11597 11164 2970 
6316 9177 12963 7373 9700 2405 
8743 2396 9072 7519 2835 4265 
3368 9560 12529 4216 8009 6296 
361 4661 11271 8262 9125 4266 
5303 9725 14569 5823 11189 6570 
4588 5861 9376 9423 4851 6425 
5230 2681 12529 9532 6138 6426 
701 5994 7697 7553 13015 6261 
9163 7591 9218 2036 8031 4554 
3139 6269 12817 9990 5836 4698 
6062 9449 14401 5654 6231 6269 
3255 9414 13118 13303 4564 6139 
2456 6412 11286 12894 14311 4254 
7460 4087 11092 4074 2668 655 
2874 7275 12542 10831 7997 6557 
381 5967 14622 12747 14463 2789 
1150 7604 14413 10983 8152 4422 
