7427 9278 16145 14874 7385 941 
1157 4279 8929 3809 2802 6267 
1926 9748 11103 4516 9544 4951 
1548 12737 18303 10986 9736 6391 
3475 9303 11235 7710 7613 6307 
1557 13339 12819 2070 9149 6391 
6681 11620 5787 11153 12879 4554 
1819 4553 15865 7564 6269 4242 
8101 4108 12529 5502 4421 6569 
9126 5692 16131 5800 2705 6281 
8625 4123 10801 2323 4262 2778 
5036 13193 9229 4528 11586 4566 
5041 12919 9218 7565 7695 6413 
2106 11478 9517 4081 11467 6271 
8000 4722 7502 4084 6136 6559 
5058 11200 12541 4361 4648 6714 
3395 14913 12675 9412 9727 6295 
6852 11308 13131 9580 5934 2393 
2260 11500 14415 12881 7866 4854 
4309 7721 12530 5671 7858 4543 
4315 2540 10801 3965 4841 4386 
1634 9594 11091 11440 9413 4241 
9468 6153 12566 11451 6269 6436 
3947 9582 16129 14607 7998 6448 
4719 6137 12675 11298 9413 3113 
3196 5681 12674 11119 6294 4580 
