6850 5984 16130 3906 4110 5958 
2884 7855 14689 4383 4696 4229 
9605 13040 9218 7985 6098 4398 
3452 7734 12963 2380 2657 2407 
8676 7829 14836 5822 8022 2994 
9847 5990 12675 16340 3820 4374 
6802 6114 10958 2631 7421 6126 
9489 9463 9074 5648 7876 2827 
6738 16647 5919 6116 5513 332 
8185 11598 10957 7551 11201 6424 
8020 10746 12529 9414 4683 4579 
1109 9294 12385 5814 4267 4566 
2265 9736 12396 2355 7826 5969 
8472 9991 12673 4063 7693 1912 
388 7900 14559 2501 9293 4698 
2140 14646 16563 7673 12617 6006 
