8482 7568 14546 7516 7876 6148 
1700 9747 14571 15067 2223 2405 
6247 7724 8929 5945 5969 2524 
6536 11308 16143 13194 5943 2503 
9099 12905 11113 14754 9175 2549 
6861 14334 7807 12739 5839 4553 
9775 8121 12674 5945 9736 6245 
7504 6151 8930 5815 6126 6257 
3410 6271 9255 13147 7869 1132 
9363 14762 12530 7830 5668 4830 
6004 7984 14690 14732 7567 4422 
948 15056 12821 9413 7864 6411 
1787 14753 12830 14465 3964 2406 
9340 14587 9450 13039 12439 2081 
6493 9711 9219 12882 5970 968 
4959 11428 10959 9272 9137 6294 
