9185 9282 14548 11011 4241 4435 
2563 9592 14703 4531 6089 6283 
390 9544 13119 12868 10731 6129 
3174 6138 16142 4363 7855 6438 
7196 16457 13264 10866 14584 6247 
4604 8151 11523 7851 7699 523 
4023 14790 14403 7541 7974 4277 
5990 9185 11247 7554 9763 6582 
6767 9717 10958 10964 9317 6115 
5567 13194 11380 7542 11453 6248 
8688 14885 7817 9270 12594 4205 
4561 11320 12399 14621 5957 2548 
5503 13193 12686 14742 7400 2250 
9176 9309 14114 14288 8143 6424 
1461 13300 11130 11346 3976 2273 
2167 11343 16430 5813 6126 6285 
8567 13086 16131 7410 8104 2709 
3227 9581 18146 7829 4133 2696 
1532 4108 14715 12858 4373 3967 
4117 7876 9506 11167 6137 6270 
