2816 7745 10947 9690 6408 6411 
2691 16504 14547 11441 9114 6305 
396 13324 14401 16169 7686 664 
1809 4409 12974 9544 4264 6282 
4501 11442 12833 9425 6269 689 
2588 7865 12553 9446 4383 6294 
163 7984 11114 18207 5837 2526 
4521 13205 14258 4266 7566 4593 
8236 8037 9810 14621 7686 2369 
4019 13337 9809 6256 7970 4397 
5962 4542 12674 7539 6269 4264 
8766 11141 12834 11166 10567 524 
8770 16505 12543 14742 9557 6426 
7498 13458 11090 12916 7556 2226 
2772 11284 12999 9871 10976 367 
85 13349 11089 3799 7696 6116 
2902 12893 10968 9688 9879 6568 
353 9728 12713 14588 9584 6127 
7398 9752 12541 2236 8141 4540 
8381 9894 10970 4276 7850 6548 
368 11321 8929 9416 7554 6258 
504 10902 16432 11117 7841 4555 
1531 12890 12859 14932 8992 6127 
