3553 15064 12687 10985 9436 4676 
3970 4542 14560 7697 6257 4566 
2533 4433 11090 8981 7866 6294 
2215 8009 12673 4216 6121 4395 
905 12914 14405 14320 6147 4710 
781 6164 10945 6111 8020 4566 
4686 12904 14414 13168 7856 6308 
4093 7865 10947 3928 5968 6115 
4016 9472 14690 4541 4395 2971 
849 11177 12676 9569 9544 5970 
8329 11188 13981 10854 6089 6125 
2072 9606 11091 12592 4383 6426 
6959 13326 15987 13169 9233 6284 
9820 6281 12674 11430 6246 4722 
637 16650 8943 3668 9146 2489 
7934 7879 16577 4254 8118 5802 
9649 11323 12966 7397 13168 6123 
