6593 9449 10669 11274 9535 2814 
7458 9452 11392 6247 7996 6114 
7939 13170 13168 13169 10998 498 
644 9868 4216 5840 7600 6404 
423 13035 12844 13191 7816 2683 
6952 9569 14403 2802 7731 6140 
5324 14311 11177 14898 10999 2501 
5675 11476 7685 9303 13024 6534 
1516 10997 7709 16783 9559 652 
2831 7735 7634 3798 4541 6261 
4754 13346 12701 9714 7108 6428 
3091 13315 10825 14900 5813 5983 
276 13444 12979 11020 7579 6283 
7806 11562 11247 12860 9546 6006 
5430 13157 9677 9272 10685 2504 
7032 13171 14692 9700 7409 5971 
2618 4278 12542 11299 7684 2646 
382 9570 16444 11311 9569 4111 
