1824 14753 11260 13160 14620 4564 
5219 13061 12541 7830 6532 4542 
6500 14790 14425 6234 7984 6280 
7109 5994 16130 7685 7863 5982 
5866 15040 9567 10900 14729 772 
2379 11429 11260 7880 9399 1950 
5996 11311 14272 8995 11284 6245 
9421 6388 9806 5955 11139 5931 
8125 15073 14427 14610 5811 2803 
9170 13192 12975 9139 7408 642 
6403 13059 14692 7398 8166 6426 
119 9882 11259 16785 5847 2405 
2649 14787 12818 9413 9570 6293 
3354 10012 11103 12747 7408 2368 
3996 12741 12543 5801 7853 4711 
5437 9730 10958 7254 9739 6268 
6782 11610 11234 9595 4277 2395 
5535 14945 14562 9567 11167 4590 
