3328 11465 9674 14455 12737 2239 
3329 11319 12699 14767 8993 835 
6306 12510 10946 5971 4697 4433 
4579 9472 9377 11011 10876 6573 
4580 9425 11260 9569 7422 2265 
5462 7867 12542 7697 4814 4541 
6857 11296 14705 13290 7707 4542 
1258 9689 15855 11154 7373 2202 
9602 13192 16419 12749 10853 2516 
5198 11478 7778 9402 6124 4542 
2255 6126 12674 9258 7418 5969 
48 9892 13107 4253 7971 4255 
4531 7722 11248 7552 6427 4830 
3957 12774 11090 7675 4686 4711 
342 13314 6411 13049 9412 2345 
94 13050 12685 5955 6556 6294 
