7561 15185 10815 9436 9112 4120 
929 6138 12530 4096 7864 6389 
9868 1098 12817 2656 2790 6259 
3364 16769 9399 12629 14598 2825 
8486 13432 10854 11333 10539 5803 
5478 7994 13121 16650 9411 1253 
4065 18496 11572 6089 12594 6414 
3881 14908 14282 9449 2536 6416 
6348 5969 16336 14733 9232 2361 
5405 6305 10801 5813 5800 2958 
8979 9903 11103 9294 3987 2550 
5140 11426 16350 15211 9114 2394 
5239 4648 12555 12980 7384 640 
7508 9714 13168 11178 9545 656 
9242 7579 12819 11034 942 2837 
2907 5861 11235 5971 7709 4423 
7036 14763 10970 13194 4335 486 
1373 13037 9530 11467 7278 2408 
190 14897 18161 4256 11295 4531 
