5601 10785 12675 2501 7997 6427 
2466 14801 14260 11141 9295 6414 
3363 14490 12711 13005 9306 6463 
1764 9404 16564 13132 11020 6392 
3719 14368 16574 9376 7444 6439 
6273 6294 14126 9280 4411 4866 
5481 11491 5797 11154 6079 3954 
7767 13075 11246 9259 11330 4530 
1419 11311 14401 3941 5704 2254 
8460 7579 12688 5670 7875 6304 
8658 6150 18157 2212 9736 4388 
750 12591 11128 12736 7708 6572 
7401 9591 10958 9268 11306 4532 
8016 12773 11246 2357 5860 6560 
626 11033 14717 15050 4516 2683 
46 14755 9218 2333 11308 4541 
7337 3943 14405 4072 6436 4530 
4159 4423 8941 2202 4541 4385 
9230 7876 10658 3953 7587 6294 
9866 7710 12674 2079 9568 6701 
2079 13075 12687 5694 6246 6569 
