993 12918 11234 4108 7576 4843 
4841 4123 16287 10997 11165 6437 
8099 9904 8942 5523 9617 6593 
2405 11455 12687 13037 7553 6004 
2049 14765 12532 14308 11163 6425 
1929 6164 15985 5933 5982 4575 
7530 7756 10524 7817 4418 4407 
3495 9306 14547 12581 7721 6572 
2573 16479 10817 341 10565 629 
8308 3990 13250 9388 3100 6283 
7241 14924 9362 9282 11584 6448 
1993 13037 13264 5681 9736 6116 
9305 5862 8928 7249 4683 6256 
1913 9569 13107 7682 9449 6318 
8091 9462 12830 7672 4792 6690 
4252 11475 12962 7528 7838 6427 
8829 4409 10946 2502 5849 6428 
