1088 7556 16419 3769 6560 6138 
5376 13219 16144 9282 9690 4570 
6274 11336 14702 4359 7995 6280 
387 9714 9388 509 7734 4398 
8229 11176 14259 4240 6005 6437 
8524 5563 14546 9244 6400 6269 
4268 4255 10815 7516 8021 6713 
3056 2359 5811 11598 2237 2223 
6834 13179 7937 14933 9137 5875 
6371 9726 8929 5826 6126 6270 
2324 8114 8930 5970 5200 628 
2422 16348 12980 7709 5669 6141 
1049 7735 9374 16471 9293 5995 
9043 13171 12425 5837 12870 4253 
315 11346 12820 5800 12761 4697 
3806 12751 12556 9423 4578 4408 
