3524 5983 8953 5792 4530 2239 
5894 6439 12687 5813 9267 786 
678 6136 12828 12860 9426 545 
4209 11477 14112 6223 4097 4578 
9801 16363 14415 11311 5992 4567 
8645 7839 15723 18331 7290 4565 
8811 6125 9228 12882 1111 4577 
8876 13468 10827 9582 2224 2238 
5837 7994 10959 13167 5694 509 
4974 8034 11103 9295 7828 6260 
3857 9436 11130 11585 5955 4266 
8153 14634 7803 6149 9547 679 
5556 11741 12687 16471 7710 4663 
990 13052 11414 12917 7700 2382 
4663 16780 14835 9716 7949 4268 
2468 11440 10827 16495 5669 2514 
9454 14945 9689 11201 9148 800 
6845 11442 9531 11310 7409 2069 
4094 9437 12675 9137 6267 6582 
6869 11321 9374 11455 7241 3942 
