6657 9310 14416 5646 11298 6259 
2532 6138 9073 7226 9880 6389 
6567 4267 9072 11129 2680 4264 
124 366 15985 9221 2956 6295 
461 13071 9361 7852 4374 6116 
6479 9908 8942 5501 7889 6127 
3792 13051 14413 772 11164 6416 
4284 11034 14847 6258 7707 6594 
5237 2252 12384 2200 2789 6389 
1750 4421 14115 7530 7887 4684 
1513 5864 16418 7962 7988 2862 
7064 7864 14427 12579 9557 4568 
5764 7866 9504 2356 5967 5982 
8314 13063 10681 5955 9555 4822 
6511 7733 9361 5510 6291 4591 
1372 9463 9362 9099 10025 4673 
