9940 12868 9520 182 7840 6233 
1923 13349 11234 2214 9294 5853 
3172 7568 9218 5654 6413 4252 
7847 7734 14257 341 7996 6426 
2889 7723 12397 3770 9554 6088 
9859 7723 10802 592 6135 5957 
3211 11176 16142 7529 9607 6596 
4804 5852 7344 9545 6425 4264 
4644 5984 12817 12846 6570 6293 
7228 7461 5474 3805 6150 6125 
3892 6114 14257 2346 6125 6270 
7669 9344 12674 12869 6400 4698 
5366 7889 16131 9147 5981 4737 
3876 2669 12677 5512 2811 6569 
8602 4111 11091 14754 6534 6161 
5308 5874 8928 3918 4238 6536 
4861 18259 11090 7684 9450 4423 
5246 6127 11391 5935 9471 4711 
