2337 9604 10946 9377 7851 6412 
4845 7747 16274 3794 8019 6305 
4102 11466 11390 4363 7722 6128 
460 11477 10814 9415 7722 4565 
6218 13077 6050 340 4694 4660 
3148 11337 9216 10995 6266 6285 
2253 14779 5617 5811 6424 6122 
8014 13169 18015 9553 9113 4267 
2447 4002 14113 5935 4408 6571 
8305 7855 7489 487 6002 6402 
5458 6139 16417 6112 6111 6296 
7811 14946 16130 9433 7562 6546 
4532 9725 12686 12867 9450 6161 
7157 4388 15843 4204 5993 6437 
9580 9749 9388 9099 14921 4721 
2268 6007 17713 762 4527 4687 
7581 13207 11093 3808 11464 4262 
9246 9762 12399 7818 8141 4553 
