2272 7555 15986 2343 6279 6401 
3872 12884 12266 9135 9871 6281 
9624 13076 12541 7985 8151 4719 
6245 9319 9818 5801 11585 4675 
38 11032 16419 2345 7575 6259 
4161 11306 12831 13024 3964 5997 
808 7879 11092 2056 9604 4709 
8361 5814 12686 4203 7826 6365 
1066 4120 15853 3940 6138 4711 
5131 13627 9506 2357 9577 4375 
9797 6138 7778 2044 7997 6271 
1904 9476 12530 11128 7996 6112 
4456 2370 10970 5799 6447 6413 
9906 14515 6051 7227 7731 6535 
7765 6140 9230 5788 8046 6137 
7313 7891 12530 5802 2970 4277 
9321 11490 15842 2201 9399 4096 
2712 14370 14126 9271 4399 6559 
9226 11500 18013 5934 6245 6271 
8606 7434 12397 7409 6004 6594 
6405 4123 9505 9255 5873 6449 
