1024 13051 11246 13048 9570 4293 
5893 7901 16420 12591 7566 6441 
7050 7879 14415 5549 9150 4244 
657 11163 12674 4050 5994 6438 
8210 5874 8930 1935 6278 6270 
9876 6137 8941 3918 6003 6257 
4373 16480 16291 10898 9113 6127 
1312 4086 9231 5945 4552 6449 
8481 11142 12528 7205 6138 6437 
2472 7578 16130 8127 5980 4288 
3884 13325 16131 10851 7397 4553 
9902 8009 14283 3941 7587 6546 
6456 11298 16288 6077 9425 6438 
3257 6126 11093 5659 7757 1385 
991 9861 18003 5513 9726 6115 
1724 7879 12674 2092 7863 4387 
7614 7864 9230 9676 7998 4386 
4000 7590 15843 3914 6412 4562 
8900 10876 9075 2368 5849 6294 
7885 12748 14978 11257 9880 6268 
6933 13073 11247 12882 7720 6260 
313 9474 16563 2645 4565 6140 
9566 7732 11234 12844 6303 6307 
351 4123 15985 11404 6018 6160 
8294 4686 16129 5379 6448 6269 
6502 7866 14283 9437 6099 4269 
2663 4421 12818 6068 4527 6258 
6251 5887 16145 9556 6268 4698 
498 15941 13252 5802 5943 5972 
3444 4121 7203 9413 2236 2391 
6652 4422 11088 6246 6414 6124 
2687 13050 14583 12894 11008 6258 
