6848 8276 15985 13028 5802 4253 
8129 6134 14848 11298 5967 4423 
3746 11178 7804 13062 5813 654 
389 11270 13011 14884 12414 2671 
8193 14933 9531 12920 7539 4111 
5832 8132 12962 11153 10015 4649 
9304 12996 9557 12904 9139 4100 
3470 7733 17570 9393 7684 6451 
8366 11305 12530 14622 4097 4301 
8424 9556 13170 9594 9259 343 
5106 14910 9362 9583 7698 4374 
4462 11453 12988 11609 7398 4124 
6711 12906 12384 7687 4240 6281 
5048 9596 11116 11419 11031 6437 
7708 12893 13132 9860 9245 2214 
7741 11467 11102 5826 9583 6163 
