9088 4100 9218 5655 4577 4395 
321 13194 12975 9303 7659 5959 
6082 11346 10815 13028 9569 6415 
9718 3978 14113 12727 2945 4278 
6823 4225 3626 3787 157 26 
553 12872 13251 11428 6424 4253 
5898 6269 12843 9279 7854 4279 
3851 7574 16275 7528 4540 6548 
2157 9489 12386 2487 7985 6413 
8431 9162 12820 7684 4539 2383 
400 9173 10657 12738 2417 4719 
8860 13040 12817 2191 7708 6127 
1748 11332 14401 5833 9724 6571 
8135 5996 7502 2489 8297 6401 
5015 11166 11103 13013 7829 2503 
4602 4134 10813 5968 4517 6689 
892 11334 12830 5645 11332 6270 
6170 4251 14401 4393 2956 4540 
798 4002 12252 7660 6376 4551 
