2820 15057 7792 7695 9437 5968 
5765 8010 11233 2201 8164 6114 
2574 12774 11257 14600 6411 4401 
3600 7879 16023 9412 9604 6270 
7063 9691 14692 9257 9304 2526 
6341 13023 16131 760 7552 4566 
8357 9691 14548 11308 7540 680 
43 14897 12978 11166 9438 2551 
6832 9161 18002 9716 5968 6440 
310 7554 16131 6268 7696 6416 
4411 6139 10960 9596 7996 2502 
5057 13048 12818 7699 6099 4256 
5317 16192 14835 9403 7278 6128 
1350 2250 9518 11130 5848 4110 
7625 11032 14403 11154 9149 6152 
202 9425 11260 11442 7254 4243 
6732 9859 9220 7687 7995 4829 
9297 9731 7503 9280 8142 4279 
8789 7304 16132 9425 8414 4265 
608 8022 9361 2477 6437 4564 
2146 9151 10805 5514 5860 6280 
6374 11174 16012 7541 9148 6306 
1515 13038 12698 8382 7843 6581 
4206 12893 7512 7977 2357 417 
3317 5668 8928 11130 2692 6268 
