3138 2814 17857 9702 4098 1110 
5635 11311 12556 9139 7973 2525 
932 8011 12696 6403 4239 4577 
1990 8009 14114 11322 2487 4085 
8871 4386 10670 4242 6158 2357 
1578 5861 10801 9402 4348 4073 
4715 14899 12834 5704 10972 2348 
748 11466 10958 10994 9569 6569 
9614 5972 14125 5934 6126 4411 
3955 11310 9808 5826 9603 6102 
4596 7890 11089 6077 5943 6233 
9974 13335 10657 9293 7541 3953 
9687 6152 9361 7518 10168 4254 
4986 14753 12385 5810 6006 6426 
6746 14741 14403 6076 9134 2392 
4254 4436 14257 2333 4550 6295 
7295 11168 17582 14767 4384 2682 
