2315 14883 16012 9691 8969 4111 
2997 11765 9364 5970 11043 4397 
156 9569 14598 14622 9306 6139 
7966 9448 7524 12739 6105 4387 
6693 7744 10514 10998 5994 6294 
9130 4555 14546 2478 6235 2673 
5419 14488 14560 10973 7563 4858 
2239 6006 14403 2492 7432 6428 
3761 5968 16274 7383 7433 6560 
5685 4675 16585 12579 5993 6571 
5821 7711 14558 9703 7998 6148 
7231 6280 16274 12859 9582 6295 
2761 7445 15855 12582 5992 6414 
9420 4399 13118 6076 8177 6307 
8269 12606 10947 5957 11189 6414 
7510 12931 11235 13015 9869 4434 
3031 13338 9374 14319 8130 6293 
4443 9716 11103 11309 11456 942 
4194 12895 14114 7553 6137 6727 
4581 9462 14404 10974 8010 4576 
102 7745 12675 12867 9725 6160 
7912 7302 14559 11153 6014 6585 
364 11323 14402 9111 8285 4830 
9329 5993 12989 14874 11298 4554 
2299 9602 9230 2213 5863 6593 
