2400 9150 16000 14453 5835 4697 
3332 14932 12529 11006 7288 4420 
5 11756 16288 6245 11164 4376 
4934 9758 10659 7973 7577 4856 
2727 9895 8809 3820 6266 6401 
6156 7997 14559 9991 5837 2394 
2443 9715 12675 7829 7733 4253 
4492 7866 16130 11129 6126 4843 
7854 14933 12843 11320 7432 4398 
6191 11179 12265 14719 2538 664 
9747 14885 12568 15209 10698 786 
8372 16338 7539 9725 9439 4528 
935 6126 9651 5960 4397 4110 
4790 11190 9506 9390 9568 2971 
3575 8275 12530 16204 7962 2202 
5494 9752 12531 4073 9604 6412 
