3392 6006 7356 10685 4839 6245 
5793 18522 5765 12448 9545 809 
8578 16793 9665 9279 11166 4253 
2307 13195 10657 6102 10048 4853 
4966 5563 9075 5644 5967 6137 
9737 14619 11524 11274 8825 2226 
8778 7985 12832 11321 8956 355 
2839 11189 13117 7409 6267 6441 
812 11490 16274 11141 9558 4699 
7634 4410 14268 9534 4551 6126 
8528 4421 7646 11128 4696 6159 
5490 13036 11248 9567 6279 4419 
5123 9296 11233 7804 9737 6426 
2068 11467 10801 7386 5968 4205 
2039 11335 14259 13014 4384 4445 
4379 9293 14559 9305 7684 6127 
250 11488 15987 4516 5994 4276 
3451 9151 10959 13037 4397 6559 
1151 7903 10814 9522 7540 4551 
