3123 11477 11562 9472 9124 654 
7426 7998 14546 3807 9459 6103 
9508 9725 16562 9281 7851 4111 
8086 14752 9388 13001 7409 2511 
1031 9881 11247 7676 10840 4110 
3304 4541 14281 5824 2536 2657 
4554 13144 12857 14753 7373 5850 
139 16218 12965 11275 9004 4110 
8290 11585 8125 18210 9162 2225 
3344 11031 14702 7711 9269 4424 
5777 11301 14430 15053 11179 5993 
2771 11539 10961 12464 9006 341 
6388 4112 10946 7528 4589 6002 
3318 16502 14705 11175 10864 4264 
6007 16795 14690 7817 11297 4266 
6905 7742 12685 5539 4242 4088 
4929 7974 11127 6092 9125 6103 
9117 13323 10947 6248 9005 4567 
734 9740 10805 5694 7853 4540 
