3841 9451 11391 5679 11176 6113 
4488 7710 14256 4206 5994 6293 
4109 7743 10947 9125 2379 4697 
6931 11187 18002 14593 7840 6714 
5921 7841 11102 4229 11296 6544 
4388 9574 10958 5679 6316 4256 
6064 13348 12568 9306 5983 2850 
9394 533 6061 9537 2378 4095 
7989 4686 10957 13038 2527 4410 
8252 7854 10801 4385 8128 6114 
4292 4111 9230 2212 6147 6559 
4933 4424 11089 2501 4541 4353 
3790 7737 9233 12736 5862 2706 
4176 7735 11088 3941 3090 6417 
211 5823 14546 5646 5825 6282 
2646 10039 11104 7685 9450 6282 
4696 11587 5642 16327 5969 3941 
9565 14503 7202 4084 7997 6271 
2536 2815 7357 4216 6702 6411 
3049 5863 10802 2468 7838 4374 
6393 6029 14413 4363 4673 6138 
4478 5875 9229 12690 6305 6138 
