704 17920 12895 9713 9126 2380 
4384 14898 13276 10002 5957 4568 
7494 13169 10971 12894 10555 6117 
3207 11283 9688 14464 12871 6137 
6217 11305 12723 11585 7228 6247 
6122 14730 14309 11477 9556 5826 
3661 5870 15709 5946 5836 6307 
7086 14874 7938 9304 12783 6415 
5295 7840 12687 8013 5803 2406 
3728 12891 14428 11263 9126 4579 
692 4399 12528 9404 7830 6283 
3126 11057 7659 11586 5815 2406 
5655 14859 11022 16504 5548 3952 
9338 4108 11236 6112 6125 6582 
9967 12471 17860 7817 7720 6305 
5533 12878 16519 18376 12858 2359 
8735 14917 14415 11128 10971 6416 
