8642 14934 9663 7373 13215 5959 
4835 11141 12974 18222 9151 681 
7656 14633 16143 1061 7825 4674 
3051 11621 7345 5811 9701 6413 
2483 12736 12818 9293 4243 6270 
7982 11719 16588 4373 9579 3093 
2639 11155 11391 7707 9293 6570 
2448 5983 16013 9424 9592 4568 
8922 4712 7647 5669 4878 2823 
147 7745 10958 7517 6004 6412 
2392 12915 14705 9701 9293 4446 
6042 7961 9112 9294 2356 3952 
9819 9439 8953 12991 4541 2969 
7869 9295 9074 9571 2694 2573 
2238 6220 11391 11427 5562 2571 
735 11025 14113 7232 9896 6425 
