9360 9464 12818 9281 4408 6125 
1283 12883 15855 7373 6584 6425 
1957 9607 11091 775 7720 4242 
7014 7854 12818 11153 7853 4696 
7345 11176 12819 5814 9422 6547 
8040 9306 14558 9259 2680 4541 
5065 2851 10815 5835 6245 6257 
2058 9616 12397 4061 5860 6245 
2829 5984 10972 3786 11321 2667 
8142 12737 12675 7829 7420 4540 
3165 9318 7072 16182 2394 362 
5200 11610 12554 9102 13036 4537 
1681 11058 9219 6090 5991 6425 
7762 9019 14256 7673 4361 2682 
7459 13028 10657 7111 5813 5969 
9717 4567 7502 9561 6003 653 
9558 7840 11248 11283 6006 2395 
7162 9616 11103 5359 6266 6126 
3675 11623 12676 5668 9413 4398 
1340 7889 11101 3089 4407 4545 
874 5851 12541 4230 4827 932 
