6793 8167 14272 9536 9436 4418 
2186 7869 14268 9424 4540 4396 
7310 11452 14260 11139 7564 6581 
6674 11189 7635 10865 6125 6559 
8342 16925 11406 4097 10852 2489 
4651 9605 10959 7831 7722 4853 
9782 4410 9230 7984 6135 4552 
9097 9607 14546 9271 6135 6295 
8376 7687 14548 6066 11151 761 
4420 6126 17886 7684 9726 4255 
2374 6126 5905 7242 8021 365 
5067 9714 14285 10887 10875 2800 
984 11455 12962 11149 8008 4855 
5081 4121 12540 7684 3674 5982 
2789 13040 9218 11130 4413 2371 
609 11453 12817 9713 8128 6427 
226 9284 11090 11396 7852 6282 
2406 14744 11236 2358 11200 6401 
1638 15197 10802 14608 2513 4386 
6759 16649 9969 9243 11465 4373 
1554 12881 9268 12760 9138 2357 
6772 7830 10668 11249 4407 6412 
1533 15088 14258 7411 10865 4555 
