9200 9596 10972 2501 13338 4263 
1922 13035 14126 16624 7230 5981 
5380 11598 15853 9571 9161 4531 
7974 7962 13001 7973 10973 486 
4487 12905 11271 14778 9138 2394 
9196 7855 12529 4220 7862 6535 
4962 8117 11114 14740 7567 798 
6702 9293 14415 7539 9319 6293 
8077 16611 12819 6124 8991 6139 
6640 11021 12819 17778 5718 4280 
338 11308 10826 16625 5681 4410 
1203 9184 11236 7843 7878 4735 
3764 7856 11114 10723 2804 2672 
4471 12892 7539 13170 7697 4109 
6276 12775 9507 4505 7839 6390 
1306 5825 11403 6232 9459 6726 
4219 11322 5917 9414 7483 2262 
3454 13191 16707 11563 9542 4160 
1951 9580 12843 13038 5514 510 
